4	7	9
GCG	0.142857142857143	0	0.0625
DLK1	9258.64285714286	0	2222.9375
CLPS	11406	57.0909090909091	35.625
CPA2	9235.78571428571	49.8181818181818	0.0625
ACTB	942.642857142857	2269.54545454545	969.0625
INS	539.357142857143	0	22.375
CELA3A	7062.85714285714	80.7272727272727	33.6875
SPINK1	6040.71428571429	42.0909090909091	1124.6875
ACTA2	0	0	0
CPA1	3511.5	30.0909090909091	12.5
COL3A1	0	39.0909090909091	15.1875
GP2	1773.5	0	0
COL1A2	67	0.0909090909090909	0.125
MALAT1	1449.28571428571	2170.54545454545	2884.6875
ACTG1	875.071428571429	2006.27272727273	1257.75
A2M	0	1301.18181818182	2.4375
HBG2	0	0.0909090909090909	0.0625
GHRL	3	0	0.25
PRSS1	1933.28571428571	42.9090909090909	2.8125
SPARC	0.214285714285714	373	14.375
CCL21	0	0	0
EEF1A1	2201.07142857143	2043.54545454545	1964.8125
COL1A1	5	0.0909090909090909	1
TUBA1A	1.85714285714286	279.090909090909	19.3125
APLNR	0	160.181818181818	0
B2M	238.714285714286	2784.72727272727	144.6875
GNAS	333.5	614.272727272727	188.75
TTR	188.571428571429	0	100.0625
CELA3B	2715	22.3636363636364	7
H3F3B	2163.57142857143	991.454545454545	1947.625
CTRC	1526.21428571429	1	21.3125
ANXA2	125.857142857143	1024.27272727273	565.5
TMSB4X	219.857142857143	2155.09090909091	826.9375
STMN1	234	1061.72727272727	538.375
CLU	1572.07142857143	0	1047.3125
FTH1	2407.07142857143	836	1412.625
GATM	1697.5	0	470.4375
CALM2	624.928571428571	543.090909090909	934.0625
FOS	989.5	68.5454545454545	585.625
PRCP	171.714285714286	992.636363636364	171.875
VIM	0	1288.18181818182	50
MEST	1291.07142857143	0.0909090909090909	139.25
TUBA1B	297.642857142857	381.636363636364	295.75
LUM	0.0714285714285714	0	13.75
FTL	1477.78571428571	1055.81818181818	1260.875
IGFBP3	0	637.363636363636	0
MAGED2	45.6428571428571	377.363636363636	209.875
H19	437.785714285714	581.909090909091	996.625
RPL3	1826.42857142857	732.363636363636	862.0625
GAPDH	422	667.818181818182	738.25
MEG3	1186.78571428571	30.2727272727273	288.25
DCN	0	0	11.0625
ERP27	2055.85714285714	0	100.375
TUBB	120.857142857143	162.636363636364	140.0625
ITM2B	375.214285714286	1442.45454545455	418.8125
RPL5	1627.85714285714	995.090909090909	1277.75
IGFBP7	34.8571428571429	709.818181818182	227.625
CTRB1	1157.28571428571	34.4545454545455	0
DDX5	257.714285714286	694.454545454545	380.625
MYL6	369.642857142857	1136	596.75
HSP90AB1	459.857142857143	412	388.375
C7	0	0	4
CTRB2	1103.5	46.1818181818182	2.125
SYCN	1604.5	12.3636363636364	9.5625
RBPJ	927.714285714286	152.818181818182	712.0625
RPL15	1104.28571428571	1087.09090909091	878.6875
TSC22D1	314.285714285714	839.181818181818	201.25
RPS18	996.071428571429	1334.72727272727	793
SERPINA1	1180	0	378.4375
RPS14	1120.71428571429	1235	1129.1875
HBB	0	0	0
RPS6	1266.92857142857	892.818181818182	1052.0625
HSPA8	623.142857142857	411.636363636364	366.6875
ATP5B	481.285714285714	342.909090909091	813.375
UBB	1280.28571428571	1142.27272727273	816.1875
RPL10	763	1323.90909090909	629.375
MPO	0	0	0
HSP90AA1	620.214285714286	243.909090909091	811.125
CD34	0.0714285714285714	1082.54545454545	0
SNX3	114.428571428571	923.545454545455	80.125
LDHB	30.8571428571429	509.636363636364	26.375
ANXA4	424.071428571429	0	896.1875
MGP	0	37.4545454545455	13.1875
GNB2L1	683.928571428571	590.909090909091	508.6875
H2AFZ	244.357142857143	393.909090909091	312.125
RPL7	961.714285714286	750.363636363636	889.875
MT1G	1082.07142857143	0	4.375
FKBP1A	154.928571428571	992.363636363636	141.3125
RPS3	714.642857142857	666.545454545455	623
FN1	10.6428571428571	187.181818181818	83.9375
CLEC14A	0	532	11.1875
CAV1	0	1122.81818181818	0.25
CPE	45.7857142857143	18.9090909090909	119.0625
ATP5A1	443.142857142857	256.363636363636	731.25
CPB1	1013.35714285714	0	0
CALM1	335.857142857143	1092	288.1875
CDH5	0	301.818181818182	0.375
HSPA5	356.857142857143	93.0909090909091	204.3125
KRT8	229.285714285714	0	231
COL6A3	0	0	0
S100B	24	0	42.125
CNN3	190.5	454.181818181818	456
PLVAP	0	211.727272727273	0
CLDN5	0	164.727272727273	22.75
HSP90B1	507.428571428571	170.181818181818	333.8125
TM4SF1	421.142857142857	467.454545454545	596.0625
IGFBP4	0	217.272727272727	0.0625
ALDH1A1	334.857142857143	92.8181818181818	126.75
HLA-E	2.42857142857143	30.6363636363636	11.1875
NRP1	0	517.727272727273	1
MDK	93.6428571428571	171.727272727273	513.3125
CD36	0	304.545454545455	0
RPS19	637.071428571429	643.636363636364	753
PLP1	0	0	0
IFITM3	57.7142857142857	656.454545454545	126.0625
NREP	154.428571428571	66.3636363636364	196.0625
THBS4	0.142857142857143	0	4.8125
DUSP1	278.357142857143	167.090909090909	250.5
HIST1H4C	202.928571428571	93.9090909090909	216.1875
KRT18	205.357142857143	0	477.5
COL4A1	0	527.454545454545	49.5
PTMA	343.785714285714	1101.90909090909	400.75
LGALS1	0	150	11
ESAM	0	403.909090909091	0
SRP14	343.357142857143	1041.09090909091	527.125
HMGN2	424.785714285714	116.181818181818	383.875
CRIP2	5.35714285714286	100.454545454545	30
EIF1	419.785714285714	628.454545454545	569.0625
EPCAM	431.285714285714	5.63636363636364	652.5625
GNG11	0	1030.63636363636	44.75
GLUL	37	352.363636363636	94.5
SDCBP	69.5	341.727272727273	75.6875
VCAN	0.0714285714285714	0	17.0625
ARF4	507.642857142857	289.909090909091	209.625
TMBIM6	501.714285714286	447.181818181818	139.125
CNBP	366.142857142857	101.909090909091	450.375
TMSB10	129.285714285714	1210.54545454545	400.4375
TSPAN3	296.214285714286	189.818181818182	234.0625
RBP1	412.5	189.636363636364	738.6875
CFL1	147.928571428571	684	256.875
CD320	18.7142857142857	255.727272727273	40.0625
RPL4	548.857142857143	468.545454545455	429.6875
ENO1	293.428571428571	275.909090909091	236.625
ENG	0	297.818181818182	1.6875
YWHAQ	258.714285714286	399.727272727273	263.5
SCG5	446.571428571429	0	0
NEUROD1	5.07142857142857	0	0
RNASE1	0	619.545454545455	0.25
RHOA	131.785714285714	589	149.8125
GSTP1	481.428571428571	357.909090909091	881.0625
CD24	295.928571428571	0	485.625
HEPACAM2	16	0	0
SEPT7	23.5	175.272727272727	100.9375
RPLP1	486.5	653.272727272727	490.75
TPT1	536.357142857143	718.272727272727	408.3125
OGN	0	0	0
RPS5	503.5	435.545454545455	361.4375
PDIA3	468.428571428571	404.090909090909	351.8125
YWHAZ	109.571428571429	523.181818181818	153
TXNIP	142.214285714286	224.636363636364	124.9375
EIF4G2	105.571428571429	226.454545454545	215.5625
FSTL1	3.28571428571429	74.3636363636364	35
CD63	382.571428571429	433.636363636364	363.0625
RAMP2	0	869.363636363636	4.8125
ARL6IP1	288.428571428571	51.6363636363636	294.9375
PRDX3	462.357142857143	95.0909090909091	490.6875
TPI1	245.071428571429	227.363636363636	369.8125
MYL12A	151.928571428571	636.909090909091	161.3125
ARF1	280.428571428571	137.818181818182	117.5625
EEF1G	335	582.363636363636	416.3125
SRP9	413.142857142857	333.363636363636	334.625
SSR2	504.642857142857	506.090909090909	360.3125
RPL8	275.357142857143	333.272727272727	282.9375
REG1A	22	0	0
PSMB5	185.928571428571	141.454545454545	281.3125
CTGF	21.7142857142857	42.7272727272727	14.625
SCGN	32.9285714285714	0	22.375
SKP1	364.357142857143	647	557.25
SSR4	876.071428571429	236.909090909091	107.5625
PFN1	216.642857142857	855.272727272727	357
S100A16	18.2142857142857	729.545454545455	71.375
GSN	0	249.545454545455	0
NPM1	386.857142857143	364.272727272727	586.1875
PGK1	96.4285714285714	111.818181818182	347.8125
LDHA	97.0714285714286	187.090909090909	72.125
MYL12B	237.5	472.545454545455	434.0625
EIF3L	182	180	314.375
CLDN10	358.285714285714	0	583.5625
RPL19	584.642857142857	609.181818181818	618.9375
CLIC1	62.2142857142857	435.363636363636	152.625
RPL13	398.928571428571	577.090909090909	344.4375
HYAL2	34.9285714285714	60.0909090909091	9.1875
RPLP0	395.142857142857	390.909090909091	325.25
PPIA	348.285714285714	585.545454545455	502
GABARAP	308.642857142857	357.272727272727	403.8125
SF3B1	129.928571428571	256.818181818182	167.875
PMP22	2.35714285714286	0	0
PSAP	121.142857142857	119.454545454545	89
ANXA5	271.142857142857	63.7272727272727	231.8125
DUSP6	0.928571428571429	48.1818181818182	16.5625
ATP5C1	373.928571428571	191.363636363636	425.625
TFPI	11	44.6363636363636	17.25
SERINC1	72.7142857142857	93.6363636363636	68.5625
EIF4A2	239.428571428571	255.909090909091	441.5625
SLC25A5	464.142857142857	295.727272727273	323.5
TAC3	0	0	0
RPS8	422.357142857143	434.727272727273	309
UBE2D3	209	279.818181818182	195.0625
RPL10A	339.5	473.545454545455	447.625
SRSF3	166.285714285714	64.8181818181818	274.1875
ILF2	341.357142857143	177.727272727273	171.5625
HSBP1	200.642857142857	116.545454545455	215.25
KPNA2	51.5714285714286	82	11.0625
CD164	198.357142857143	55.5454545454545	333.1875
SH3BGRL	70.2857142857143	209.727272727273	79.4375
SAT1	60.5714285714286	92.4545454545455	310.625
ISL1	1.78571428571429	0	0
SEPT2	237.928571428571	11	97
HNRPDL	244.571428571429	267.363636363636	274.625
STOM	0	525.727272727273	1.6875
RPS4X	412.5	190.272727272727	498.5
RPS2	411.857142857143	272.727272727273	365.875
ID2	151.5	98.0909090909091	281.9375
RAN	264.714285714286	237.272727272727	212.9375
RPS11	265.928571428571	482.909090909091	410.5
RPN2	357.428571428571	263.636363636364	61.375
MSN	0	182.636363636364	0
DSTN	280	167.272727272727	371.75
RAB1A	251.428571428571	212.636363636364	192.3125
ATP5F1	223.428571428571	272.363636363636	286.375
HBA2	0	0	0
DSP	54.4285714285714	57.6363636363636	239.9375
QDPR	39.0714285714286	31.0909090909091	51.9375
PRDX2	298.214285714286	126.181818181818	237
CHGA	0.785714285714286	0	0
TIMP3	1.21428571428571	326.454545454545	0
ACSL1	0	0.0909090909090909	0
RPS3A	612.857142857143	507.818181818182	521.9375
SLC25A3	255.285714285714	100.454545454545	280.5
TAGLN	0	0	0
MT1H	629.142857142857	0	0
NAP1L1	157.571428571429	220.818181818182	234.8125
ATP1B3	10.3571428571429	460.272727272727	23.5625
MFAP4	18.0714285714286	0	21.1875
DYNLL1	251.928571428571	565.818181818182	238.8125
GJA4	6.64285714285714	144.727272727273	0
SERPINI2	699	0	0
UACA	6	350.636363636364	2.0625
TPM4	3.5	149	56.9375
NFKBIA	105.857142857143	244.636363636364	118.625
RPL32	308.571428571429	602.818181818182	345.0625
PABPC1	60.4285714285714	111.454545454545	150.1875
EFNA1	81.7142857142857	170.272727272727	85
PLK2	5.57142857142857	176.272727272727	66.5
NACA	164.071428571429	452.545454545455	390.4375
DST	38.6428571428571	2.27272727272727	39.625
PDIA6	374.357142857143	60.4545454545455	67.5
EID1	128.642857142857	401.545454545455	296.25
XBP1	453.214285714286	113.181818181818	31.6875
PSMB1	392.142857142857	246.272727272727	397.375
HDAC2	100.928571428571	188.363636363636	142.6875
TMEM66	267.785714285714	29.6363636363636	200.5625
GHITM	192.642857142857	237.727272727273	82.9375
ARPC2	67.7857142857143	336.818181818182	67.75
TMEM59	259.928571428571	260	311.5
SGK1	0	110.363636363636	0.0625
TSPAN6	289.785714285714	5.27272727272727	215.5
HSPD1	158.642857142857	86.0909090909091	276.625
CALCRL	0	400.636363636364	16.5625
WSB1	40.9285714285714	329.909090909091	71.1875
RBMX	130.714285714286	9.27272727272727	211.8125
SLC38A2	157.928571428571	82.5454545454545	128.6875
C8orf4	0	353.090909090909	0
MORF4L1	268.214285714286	352.272727272727	228.625
COL4A2	3.78571428571429	314.363636363636	13.4375
RPL31	368.142857142857	501.363636363636	450.75
ANAPC13	88.5714285714286	359.090909090909	267.3125
ITM2A	68.3571428571429	307.181818181818	0
TMED2	466.142857142857	92	169.5625
COL21A1	24.2857142857143	0	1.4375
XRCC6	124.428571428571	53.8181818181818	184.5625
MAP1B	11.0714285714286	283.545454545455	9.125
EIF5	221.642857142857	169.727272727273	282.375
GFRA1	0	0	0
ID3	43.6428571428571	547.272727272727	201.5625
NONO	153.571428571429	29.1818181818182	243.8125
RPS23	423.5	556.454545454545	334.4375
ALDOA	263.357142857143	199.909090909091	223.375
KRT19	19.7142857142857	0	83.5
DDOST	134.928571428571	287.818181818182	47.3125
ARHGDIB	0.0714285714285714	452.909090909091	16.375
STMN2	7.07142857142857	0	3.25
GDI2	74.9285714285714	171	150.375
FCGRT	99	69.6363636363636	43.625
CCT2	31.0714285714286	121.636363636364	132.75
XRCC5	133.428571428571	58.2727272727273	216.875
CLK1	86.2142857142857	25.0909090909091	130.375
RPL18	391.642857142857	413.090909090909	229.875
CTNNB1	60.1428571428571	179.181818181818	87
UBC	193.214285714286	94.9090909090909	156.4375
ATP5O	213.571428571429	245.818181818182	318.625
RPS27A	418.571428571429	424.545454545455	326.75
CCT8	221.928571428571	68.9090909090909	305.8125
TUBB4B	118.928571428571	74.7272727272727	14.0625
ASAH1	124	59.2727272727273	163.625
DNAJA1	104.642857142857	217.545454545455	137.0625
IFITM2	1.14285714285714	222.090909090909	43.375
PLS3	62.7142857142857	149.363636363636	18.9375
TPM3	42.4285714285714	209.272727272727	113.875
P4HB	180.642857142857	186.272727272727	10.875
NGFRAP1	316.285714285714	415.090909090909	462.1875
SPTBN1	72.1428571428571	293.454545454545	102.375
FRZB	0	0	151.3125
NID1	0	87.2727272727273	11.375
GFRA3	98.7142857142857	0	28.3125
SYPL1	93.8571428571429	107	178.1875
REG3G	417	4.18181818181818	0
THY1	0.0714285714285714	64.5454545454545	0
LAPTM4B	163.785714285714	0.272727272727273	487.6875
YWHAH	19.2857142857143	284.454545454545	16.5625
CDS2	78.3571428571429	20	41.875
COL5A2	1.85714285714286	19.1818181818182	7.375
TSC22D3	0	126.909090909091	36.5
PSMA2	168.714285714286	290.545454545455	233.5625
POSTN	0	0	0
RGS5	1.64285714285714	48.0909090909091	13.1875
DAZAP2	215.5	85.8181818181818	213.5625
OLFML3	0	0	68.25
MDH1	252.214285714286	77.9090909090909	239.4375
CD59	131.857142857143	6.54545454545455	285.3125
RPL7A	397.857142857143	190.909090909091	387.9375
MARCKS	20.8571428571429	145.545454545455	66.5625
PFN2	73.7857142857143	139.090909090909	15.5625
RBM39	125.928571428571	92.1818181818182	249.25
ATP6V0B	195.5	97.7272727272727	196.25
GSTM3	196.857142857143	71.2727272727273	351.0625
UQCRC1	132.642857142857	93.2727272727273	131.25
C20orf30	85.7857142857143	325.818181818182	226.875
COX4I1	310.928571428571	438.272727272727	359.25
SMARCE1	36.6428571428571	121	150.0625
PTTG1IP	56.2857142857143	248.454545454545	64.1875
TIMP1	5.42857142857143	242.545454545455	20.375
RPS12	296.357142857143	507.727272727273	247.0625
TPM1	30.4285714285714	44.8181818181818	62.75
MATN2	0.0714285714285714	0	0
HBM	0	0	0
RPS4Y1	291	238	248.875
TTC3	142.214285714286	30	162.125
MORF4L2	169.285714285714	0	179.5625
OSTC	456.071428571429	183.090909090909	162.4375
C11orf58	215.357142857143	119.636363636364	231.8125
EIF3F	284.714285714286	117.818181818182	167.125
HMGB1	197.928571428571	187.363636363636	232
CALU	47.5	271.181818181818	72.75
HNRNPC	152.857142857143	47.3636363636364	242.4375
CCT3	125.285714285714	218.454545454545	102.75
DDIT4	61.4285714285714	112.272727272727	0
PLAT	0	0	0
PRKDC	212.357142857143	103.090909090909	296.1875
PECAM1	0	256.818181818182	9.625
VDAC3	79	244.363636363636	202.8125
HMGB2	113.214285714286	44.7272727272727	137.125
RHOC	73.0714285714286	84.5454545454545	33.25
KDR	0	275.818181818182	0.0625
NDUFA4	263.214285714286	210.181818181818	361.375
CCT7	25.4285714285714	60	96.625
NOP58	37.4285714285714	102.636363636364	92.4375
ELMO1	380.714285714286	178.363636363636	74.5625
HMGN1	165.214285714286	182.818181818182	356.5
VAPA	107.928571428571	154.454545454545	108.9375
APEX1	54.9285714285714	87.3636363636364	152.6875
GRN	137.428571428571	28.9090909090909	0.3125
MADCAM1	0	210.090909090909	0
NAB1	6.57142857142857	0	19.875
ZNF207	26.0714285714286	233.272727272727	62.3125
CCT5	121.857142857143	121.181818181818	22.375
TMED10	367.5	126.545454545455	84.75
TSPAN7	48.7857142857143	100.454545454545	123
PRDX1	99.9285714285714	224.454545454545	138.125
HADH	34.9285714285714	0	6.8125
PRDX6	317.071428571429	232.090909090909	104.375
HNRNPK	35.7857142857143	7.72727272727273	15.9375
CD93	0	432.909090909091	1.3125
CTNNA1	23.7142857142857	152.454545454545	32.3125
AHNAK	3.92857142857143	69.0909090909091	4.5
CCND2	34.0714285714286	186.636363636364	36.5
SRSF7	83.0714285714286	173.636363636364	182.625
HIGD1B	0	0	3.5
RPS13	333.857142857143	333	322.875
SPARCL1	0	48.9090909090909	0
PDCD6	157.857142857143	123.181818181818	138.4375
IER2	100.714285714286	97.8181818181818	67.25
LAPTM4A	123.857142857143	1.45454545454545	72.9375
EIF3E	219.071428571429	92.4545454545455	163.375
ILK	58.6428571428571	231.454545454545	31.375
RPN1	67.4285714285714	84.6363636363636	83.9375
LAMB1	57.1428571428571	39.8181818181818	105.375
YWHAB	85.0714285714286	249.636363636364	159.3125
EIF3I	152.357142857143	62.4545454545455	111.125
SOX4	54.5	237.636363636364	212.3125
PDHB	50.1428571428571	60.0909090909091	101.875
CANX	136.642857142857	27.4545454545455	135.1875
RPL23A	324.785714285714	381.636363636364	368.0625
CAPZA2	175.071428571429	283.454545454545	185.25
RPS27	316.571428571429	344.181818181818	374.6875
PSMA6	144.142857142857	40.7272727272727	195.375
ATXN10	99.7857142857143	204.090909090909	77
TCF4	10.4285714285714	34.6363636363636	21.25
HLA-B	0.928571428571429	247.636363636364	1.3125
CYB5A	443.285714285714	95.9090909090909	135
SDPR	5.14285714285714	16.4545454545455	0
IDH2	87.7857142857143	50	120.875
RPL12	270.571428571429	457.727272727273	275.875
C2orf28	286.857142857143	307.909090909091	223.1875
RPL29	379.428571428571	299.909090909091	336.1875
BTF3	350.428571428571	209.727272727273	250.875
AMBP	375.285714285714	0	79.625
PAIP2	158	158.181818181818	116
ATP5L	294.142857142857	232.636363636364	375.125
RSU1	26.5714285714286	193.090909090909	35.25
GMNN	203.357142857143	0	456.0625
EEF1B2	194.714285714286	190.272727272727	163.5625
OSBPL9	22.4285714285714	56.3636363636364	101.1875
PIGY	150.214285714286	258.545454545455	87.0625
CD81	57.5	198.181818181818	38.5625
RDX	34	171.818181818182	14.8125
TM9SF2	106.857142857143	141.181818181818	59.25
KIAA0494	36.9285714285714	302	37.25
MCM3	19.2142857142857	0	3.3125
GPC3	95.5714285714286	0	1.9375
RPL34	513	503.454545454545	335.5625
SRPX	0	0	0
BEX1	83.0714285714286	0	314.1875
COL15A1	0	376.636363636364	0
TM4SF18	0	363	0
CDR1	2.07142857142857	0	17
EI24	67.2857142857143	29.2727272727273	30.3125
TUFM	120.857142857143	188.727272727273	105.25
ANXA7	92.2857142857143	269.818181818182	55.8125
EPAS1	2.78571428571429	166.181818181818	0
PCNA	29.2857142857143	0	104.6875
VCP	130.357142857143	24.6363636363636	11.375
MAGED1	94.0714285714286	0.0909090909090909	101.1875
TSG101	157.285714285714	86.2727272727273	33.4375
RPL11	276.428571428571	327	228.875
NDUFS2	77.6428571428571	190.272727272727	60.4375
RAC1	66.7857142857143	459.909090909091	135.375
HBG1	0	0	0
TAGLN2	11.7857142857143	98.8181818181818	43.9375
PPP2CA	83.6428571428571	42.7272727272727	111.4375
GNAI3	122.714285714286	249.545454545455	71.125
HMGN3	206.142857142857	124	329.625
PLBD1	313.214285714286	0	34.3125
ARF5	190.214285714286	105.454545454545	163.375
SERP1	186.142857142857	19.3636363636364	97.5
IFITM1	0	223.272727272727	0
MT2A	502.5	2.63636363636364	28.375
SH3BGRL3	85.2857142857143	535.909090909091	102.875
BRK1	67.2142857142857	241.636363636364	127.875
FBN1	0	0	0
PSMA4	138.5	198.454545454545	177.4375
ESD	121.285714285714	61.8181818181818	237.125
CHD9	60.8571428571429	292.090909090909	53.125
BUB3	120.785714285714	9.36363636363636	88.5
GSTA4	79.7857142857143	22.3636363636364	43.4375
DHX9	37.9285714285714	0	62.75
SRSF2	59.6428571428571	124.636363636364	137.9375
SEP15	128.214285714286	101.545454545455	124.0625
TERF2IP	104.285714285714	227.818181818182	46.8125
PSMA1	134.714285714286	127.545454545455	149.25
ARPC5	34.3571428571429	165.545454545455	64.0625
CLTA	99.3571428571429	329.272727272727	150.75
EMCN	0	472.363636363636	3.5625
MATR3	100.5	211.727272727273	86.375
MRFAP1	99.1428571428571	272.818181818182	104
LRRC32	0	201	0
PAPSS1	117.071428571429	26.5454545454545	112.125
HNRNPA2B1	103.928571428571	218.090909090909	192.4375
GIMAP4	0	238.272727272727	0
EIF2S3	337.214285714286	140.363636363636	280.1875
RPL23	270.857142857143	397.272727272727	266.9375
IMMT	52.2857142857143	82.9090909090909	8.6875
SULT1E1	0	0	12.8125
PPP1R3C	175.285714285714	0	62.25
RPL30	279.642857142857	453.636363636364	339.6875
ATP6AP2	35.2857142857143	64.5454545454545	178
ZFAND5	133	167.363636363636	46.4375
ERO1LB	64.7142857142857	0	0
PARK7	149.928571428571	163.545454545455	122.9375
SON	106.857142857143	224.090909090909	96.3125
HINT1	132	364.727272727273	249.375
RPS15	301.857142857143	330.454545454545	311.375
CBX5	128.142857142857	70.3636363636364	140.6875
SUMO2	198.357142857143	347.545454545455	262.3125
RCN2	66.7857142857143	50.9090909090909	243.375
PPIB	428.285714285714	200.818181818182	158.5
NCKAP1	19.2142857142857	307.272727272727	52.125
NCL	136.071428571429	5.45454545454545	113.0625
TMEM98	58.7857142857143	44.9090909090909	174.5625
STRAP	144.142857142857	83.8181818181818	55.4375
REEP5	80.1428571428571	108.454545454545	116.9375
DEGS1	0	204.363636363636	105.5
SEC31A	74.4285714285714	123	78.25
CCND1	0.571428571428571	78.0909090909091	27.125
TPM2	0	0	0.1875
RPS24	159.642857142857	312.636363636364	228.75
SLC35A1	57.6428571428571	0	101.25
CRYBA2	22.2857142857143	0	0
EIF3M	97.2857142857143	253.818181818182	127.1875
ATP6V1G1	96.2142857142857	182.727272727273	247.75
PTGES3	193.071428571429	66.1818181818182	86.625
ATP5G2	335.857142857143	191.727272727273	414.5
CCT4	56.4285714285714	149.454545454545	19.0625
SLCO2A1	5.21428571428571	121.909090909091	5.4375
LTA4H	14.6428571428571	1	39.1875
VDAC1	80.4285714285714	153.181818181818	138.4375
PSMA7	189.428571428571	101.454545454545	204.3125
FLRT2	225.714285714286	51.8181818181818	206.1875
S100A10	43.2857142857143	300.818181818182	63.625
ERGIC3	201.071428571429	125.181818181818	163
YPEL5	22.5	25	76.125
HNRNPF	66.9285714285714	96.3636363636364	67.8125
PSMB7	122.928571428571	205.818181818182	214.625
LUC7L3	67.5714285714286	257.363636363636	214.0625
DYNLT1	82.8571428571429	292.090909090909	88
DPYSL2	1.57142857142857	215.272727272727	41.625
PSMD1	45.3571428571429	67.1818181818182	34.5625
PODXL	21.7857142857143	223.181818181818	19.4375
TMEM85	93.4285714285714	184.454545454545	199.25
RPS20	272	333.727272727273	208.5
ANXA1	0	113.909090909091	0
ARL2BP	19.1428571428571	79.5454545454545	75.375
COPZ1	59.3571428571429	92.7272727272727	68.3125
FLRT3	26.3571428571429	0	17.875
SERPINI1	25.6428571428571	0	0
UGDH	351	0	74.4375
PSME1	78.6428571428571	111.363636363636	192.4375
PLD3	56.2857142857143	71.3636363636364	61.4375
NOP56	66.2857142857143	170.363636363636	53.1875
ATP5G3	178.857142857143	199.454545454545	305.5
GJA5	0	43.5454545454545	41.75
PPT1	106.785714285714	119.636363636364	218.8125
DPEP1	168.142857142857	0	0
SLC30A8	0	0	0
SNAI2	2.85714285714286	31.9090909090909	10.5
USP9X	54.2142857142857	9.54545454545454	60.625
CNP	25.5714285714286	0	13.375
PRKAR1A	107.285714285714	93.5454545454545	31.9375
EIF3H	69.7857142857143	49.7272727272727	114.625
ECI2	344.5	44.2727272727273	176
SPINT2	97.4285714285714	0.181818181818182	119.9375
RAB2A	53.2142857142857	159.909090909091	91.625
RELN	6.85714285714286	0	117.0625
TPR	62.0714285714286	46.7272727272727	126.4375
PSMB2	142.142857142857	231.545454545455	286.8125
SERPINE2	0	66.1818181818182	0.75
NFIB	20.2857142857143	247.454545454545	46.0625
PEBP1	101.428571428571	48.9090909090909	166.5625
MFAP2	48.6428571428571	42.3636363636364	80.5
IFT57	148	44.8181818181818	63.875
SEMA3B	0	0	0.125
PSMD2	69.2857142857143	80.8181818181818	23.0625
DDX17	43.7142857142857	188.272727272727	196.125
MARCKSL1	57.2142857142857	128.090909090909	114.875
LAMA4	0	180.909090909091	0
MMP2	0	101.636363636364	0
ITGB1	50.1428571428571	235.636363636364	15.625
ERLEC1	209.428571428571	52.8181818181818	93.5625
CSDE1	133.857142857143	156.818181818182	127.125
ZNF22	41.7857142857143	183.090909090909	125.6875
CAPZA1	42.2142857142857	232.272727272727	120.875
SEPW1	270.5	158.454545454545	231.1875
FLT1	0	341	0
RBBP7	21	0	25.9375
KLHDC2	87.7857142857143	141.545454545455	108.25
UTRN	47.5	15.9090909090909	91.25
RBBP4	117.857142857143	142.909090909091	99.5625
ATP2B4	21.7857142857143	20.4545454545455	54.625
KDELR2	164.428571428571	271.454545454545	155.6875
ECH1	92.0714285714286	165.818181818182	211.25
VTA1	128.071428571429	87.8181818181818	136.5
JKAMP	35	46	83.25
SERINC3	4.07142857142857	66.9090909090909	3.75
RRAGA	33.3571428571429	155.454545454545	49.25
SYNE2	3.5	11.3636363636364	308.625
SERF2	368.214285714286	497.363636363636	318.375
LAMA2	0	0	0
NID2	0	156.727272727273	0
S100A11	14.3571428571429	257.636363636364	66.875
METTL9	89.5	60.7272727272727	53.3125
MRPL42	103.714285714286	16.5454545454545	63.9375
HERPUD1	314.857142857143	0	24.5
PSMB6	108.357142857143	181.727272727273	169.3125
PFDN5	220.714285714286	186.090909090909	273.3125
PSMB3	128.357142857143	233.454545454545	65.25
THBS1	49.1428571428571	0	0.625
CLDND1	31.8571428571429	121.909090909091	44.6875
COL5A1	0	37.2727272727273	0
RPSA	226.714285714286	120.545454545455	203.8125
LGALS3BP	68.2857142857143	0	56.5625
TFG	116.928571428571	74.7272727272727	253.3125
CDK4	76.4285714285714	97.4545454545455	120.4375
MAPK1IP1L	81.7857142857143	200.090909090909	127.3125
TCF12	152.428571428571	71.0909090909091	233.4375
OAZ1	200.5	225.454545454545	199.0625
RPL6	335.928571428571	269.272727272727	313.625
CXCL12	154.571428571429	101.636363636364	0
ADH5	36.7857142857143	0	81.75
PPP2R1A	85.2857142857143	0.181818181818182	160.6875
NKTR	69.0714285714286	176.636363636364	80
SURF4	71.7857142857143	50.0909090909091	52.875
SUMO1	109.857142857143	106	324.6875
NGRN	42	55.5454545454545	56.6875
EEF1D	143.5	105.454545454545	56.75
PUF60	38.1428571428571	41.0909090909091	57.75
TMBIM4	144.928571428571	278.818181818182	99.375
HNRNPU	65.7857142857143	52.4545454545455	81.625
HIGD1A	159.785714285714	59	100.4375
RBM3	10.0714285714286	198.727272727273	80.125
SLC7A8	127.285714285714	0	0
GORASP2	112.928571428571	121.363636363636	8.6875
MMADHC	176.5	192.818181818182	76.875
TMEM50A	74.7142857142857	254	87.25
SNRPB	139.142857142857	140.636363636364	158
GUK1	57.3571428571429	246.818181818182	26.4375
MYH9	22.1428571428571	41.7272727272727	11.9375
PCDH18	0	0	19.6875
RPL37A	268.357142857143	330.181818181818	293.75
DYNC1H1	37.4285714285714	101.818181818182	44.125
GAS5	193.428571428571	179.454545454545	130.125
DPT	6.57142857142857	0	0
QARS	118.571428571429	59.7272727272727	68.875
COTL1	0	114.545454545455	0
STARD7	1.85714285714286	174.090909090909	87.625
CNOT7	148.142857142857	48.5454545454545	113.375
PHIP	43.0714285714286	0	140.625
TANK	68.6428571428571	132.636363636364	35.5
HADHA	28.9285714285714	22.8181818181818	26.625
RAB18	8.42857142857143	5	24.1875
CCT6A	101.214285714286	130.909090909091	141.25
COPB1	39.0714285714286	0	69.3125
MDH2	92.2857142857143	163.181818181818	201.3125
ORC4	132.285714285714	128.272727272727	33.9375
UQCRC2	30.8571428571429	138.636363636364	68.5
CALB1	3.35714285714286	0	315.125
FBXL5	8.42857142857143	0.636363636363636	2.9375
COL12A1	0	29.7272727272727	0
PXDN	4.64285714285714	152.090909090909	18.5
COX5A	149.571428571429	97.4545454545455	180.3125
PFDN1	63.6428571428571	163.909090909091	107.75
MRFAP1L1	15.7857142857143	22.5454545454545	137.0625
RPL14	261.285714285714	158.909090909091	236.5
SERPINB6	181.071428571429	0	35.5625
SUCLG1	202.357142857143	72.4545454545455	233.3125
LOC100499466	11.0714285714286	123.363636363636	49.6875
TAF9	157.071428571429	37.5454545454545	41.5625
PGRMC1	243.928571428571	43.7272727272727	96.6875
ACTR10	36.3571428571429	162.363636363636	74.4375
FDFT1	104.214285714286	179.636363636364	23.75
DLC1	0	150.181818181818	4.5625
SERBP1	101.642857142857	116.363636363636	81.375
PCMT1	71.8571428571429	170.909090909091	51.25
C17orf76-AS1	206.285714285714	113.090909090909	209.5625
SMC4	5.71428571428571	0	38.8125
RRM2	100.785714285714	0	40.9375
SOX7	0	214.454545454545	0
NDUFA9	92.3571428571429	234.727272727273	71.1875
PRSS23	52.2142857142857	48.9090909090909	158.25
CTSH	0	189.818181818182	2.5625
AKAP9	120.428571428571	130	145.4375
SERPINH1	1.14285714285714	80.9090909090909	39.4375
SEPT11	16.7857142857143	0.545454545454545	21.9375
PERP	108.714285714286	0	276.8125
C14orf166	109.642857142857	269.909090909091	75.1875
CHD7	72.7857142857143	81.5454545454545	96.125
DARS	53.8571428571429	5.81818181818182	21.375
MGST3	49.1428571428571	230.909090909091	86.6875
DNAJC8	120.285714285714	131.818181818182	84
RPS15A	185.642857142857	206.636363636364	199.125
NRBP1	31.4285714285714	0	8
POLR2G	147.285714285714	113	185
RBM25	89.0714285714286	43.0909090909091	127
PNRC2	43.8571428571429	4.09090909090909	49.5625
COPB2	81.7142857142857	1	81.0625
SDHD	84.9285714285714	63.3636363636364	187.5
PCM1	116.785714285714	84.1818181818182	37.5
SOD1	176.928571428571	172	300.1875
ADAR	8.28571428571429	24	71.8125
RTN3	156.071428571429	89.9090909090909	174.375
TAF7	62.5714285714286	0	172.4375
COPS6	73.5714285714286	122.636363636364	98.0625
ODC1	16	98.7272727272727	110.875
IDH1	44.5	12.1818181818182	59.875
POLE3	25.1428571428571	45.5454545454545	54.625
RARS	86.0714285714286	127.636363636364	45.25
PDE1A	0	0	43.8125
ENTPD1	0	139.818181818182	37.4375
RBPJL	272.714285714286	0	0
CAPRIN1	52.7142857142857	305.818181818182	15.25
TIMMDC1	102.142857142857	23.7272727272727	117.6875
LAMP2	60.4285714285714	24.4545454545455	45.6875
SSR1	114.571428571429	76.6363636363636	105.4375
N4BP2L2	36.0714285714286	115.454545454545	90.4375
ICAM2	0	276.818181818182	0
SUB1	87.7857142857143	292.090909090909	116
FAM120B	30.5	54.5454545454545	14.375
ZFP36L1	122.5	195.090909090909	82.125
C10orf58	32.2142857142857	127.818181818182	51.125
ARPC3	105.285714285714	299.272727272727	192.5
NDUFB8	103.714285714286	136.545454545455	126.375
GLO1	64.2857142857143	0	38.1875
GPX8	0	0	18.8125
CDK1	63.5	0	94.875
RPL35A	166	289.545454545455	284.375
COX7A2L	108.142857142857	89.7272727272727	100.125
COPS8	72.7857142857143	97.5454545454545	42.4375
FAS	0	0.0909090909090909	0
KIF5B	104.071428571429	102.818181818182	151.625
AP2M1	39.2857142857143	157.454545454545	82
LITAF	27.2857142857143	0	23.125
C13orf15	0.0714285714285714	393.090909090909	13.8125
FNBP1L	28.7142857142857	4.63636363636364	58.8125
CYYR1	0	134.909090909091	20.75
LIMCH1	0	190.636363636364	57.75
RPS7	236.785714285714	304.545454545455	246.9375
VAT1	0	276.181818181818	0
ATP6AP1	58.5714285714286	68.4545454545455	105.1875
PHGDH	163.571428571429	0	43.625
FDPS	90.5	77.3636363636364	42.75
JTB	95.4285714285714	56.9090909090909	151.8125
MEIS1	104.428571428571	15.1818181818182	117.875
CCAR1	32.2857142857143	1.90909090909091	88.375
PRDX4	315.428571428571	138.454545454545	83.5
SFRP1	0	0	0
HLA-A	29.2142857142857	188.818181818182	3.9375
TOP2A	7.85714285714286	0	18.5625
GRHPR	27.1428571428571	2.63636363636364	117.8125
EIF4B	78.8571428571429	66.2727272727273	80.9375
RBM5	52.7142857142857	165.363636363636	15.6875
RPL9	149.571428571429	242.636363636364	246.6875
PPA1	98.4285714285714	91.7272727272727	163.3125
EIF4A3	97.2142857142857	46.3636363636364	59.9375
ARID4B	10.2142857142857	11.9090909090909	40.375
GLG1	67.8571428571429	13.6363636363636	101
IRF2BP2	59.7857142857143	116.363636363636	52.8125
WARS	11.7857142857143	139.454545454545	74.625
APLP2	82.2142857142857	0.0909090909090909	128.9375
CYC1	109.642857142857	0.0909090909090909	134
UBA3	36.8571428571429	6	143.0625
PSMD10	47.1428571428571	146.545454545455	65.3125
POMP	85.0714285714286	251.545454545455	126.25
PSMA3	130.714285714286	77.1818181818182	145.375
C6orf62	160.857142857143	143.545454545455	194.0625
PON2	24.0714285714286	79.3636363636364	125.875
IST1	105.571428571429	40.8181818181818	100.1875
ANAPC5	90.1428571428571	0	28.1875
TMEM9	104.857142857143	0	134.75
MAT2A	47.4285714285714	59.5454545454545	53.6875
FBLN5	27	53.8181818181818	37.0625
MLF2	104.428571428571	47.3636363636364	87.625
XRN2	35.2857142857143	97.0909090909091	49.25
RPL27A	259.5	349.727272727273	274.875
DDX1	101.642857142857	81.9090909090909	46.75
FAM69B	4.78571428571429	9.81818181818182	6.1875
RPS16	224.857142857143	275.090909090909	288.1875
SDHB	163.142857142857	115.727272727273	123.5
SERPING1	97.5	106.545454545455	20.3125
RPLP2	184.5	346.454545454545	203.6875
CDC123	76.5714285714286	178.909090909091	82.625
CNOT2	35.5714285714286	2.45454545454545	37
TXNL1	75.2857142857143	115.545454545455	161.6875
CCDC56	165.785714285714	86.5454545454545	78.6875
CRBN	53.4285714285714	69.1818181818182	67.5
EDNRA	0	0	0
PTPLAD1	62.8571428571429	18.6363636363636	62.5625
CTSB	36.2142857142857	91.2727272727273	83.125
ATPIF1	183.857142857143	124.454545454545	301.125
CSRP1	20.7142857142857	16.2727272727273	7.1875
ACTL6A	30.4285714285714	64.2727272727273	63.125
RSL1D1	104.857142857143	201.636363636364	165.8125
RNPS1	55.1428571428571	88.3636363636364	78.5625
SC5DL	15.6428571428571	184.090909090909	29.75
GPBP1	70.4285714285714	104.727272727273	109
UBE2N	87.2142857142857	111.636363636364	92
TGFBR2	14.7142857142857	122.272727272727	24.125
OCIAD2	60.5	156.909090909091	107.0625
DNTTIP2	51.4285714285714	180.272727272727	65.875
TCP1	94.5714285714286	22.9090909090909	103.3125
MYD88	3.14285714285714	0	55.3125
UBE2C	11	0	42.875
SRSF10	81.5	206.545454545455	147.625
JAK1	24.5	5.18181818181818	62.3125
CALD1	7.92857142857143	12.9090909090909	45.6875
BEX4	48.5714285714286	211.090909090909	94.1875
NTRK2	0	0	19.875
G3BP1	24.2142857142857	13.1818181818182	124.1875
HADHB	107.785714285714	32.1818181818182	167.3125
ST13	110.642857142857	94.6363636363636	70.1875
CRTAP	56.3571428571429	180.909090909091	51.125
LPAR6	4.35714285714286	334.818181818182	0
MYO1B	19	15.9090909090909	34.625
SEPP1	46.5	95.6363636363636	30.5625
PRICKLE1	0	84.1818181818182	0
NDUFA13	148.714285714286	164.090909090909	262.9375
PDIA4	140.428571428571	114.636363636364	92.5625
BPTF	56.7142857142857	193.272727272727	30.8125
COX7C	246.785714285714	242.818181818182	413.9375
MSMO1	43.5	0	56
TRIM13	28.5714285714286	194.727272727273	3.4375
ZNF292	90.6428571428571	0	30.625
EIF2S1	19.8571428571429	49.0909090909091	28.125
CFI	78.0714285714286	7.63636363636364	189.125
CMTM6	46	7.54545454545455	64.375
TACSTD2	59.1428571428571	0	87.0625
MACF1	31.4285714285714	50.0909090909091	97.8125
PHB	92.7857142857143	73.3636363636364	95.8125
ACP1	97.5	53.0909090909091	139.5625
LEPROT	83.7857142857143	137.454545454545	126.875
LMAN2	195.785714285714	96.8181818181818	39.75
CHMP1B	75.1428571428571	56.1818181818182	60.4375
TBCB	62.4285714285714	66.9090909090909	21.0625
SPAG7	106.642857142857	68.9090909090909	108.6875
HEXB	157.5	14.4545454545455	15.5625
TMCO1	90	125.454545454545	169.25
C7orf73	52.7857142857143	56.9090909090909	143.1875
FGD5-AS1	58.4285714285714	78.8181818181818	62.0625
ZKSCAN1	4.92857142857143	33.3636363636364	29.5625
SERPINF1	155.214285714286	0	0.25
MAPRE2	130.714285714286	0.727272727272727	16.4375
FNTA	33.7142857142857	10.9090909090909	69.4375
TES	3.28571428571429	67.1818181818182	13.625
NHP2	70.2857142857143	146.636363636364	52.75
GLB1	197.5	8.54545454545454	98.875
MMRN2	0	267	0
SMS	43.1428571428571	98	146.5625
GPI	79.0714285714286	9.36363636363636	68.3125
SRI	107.357142857143	163.636363636364	142.125
RAD21	14.5	97.0909090909091	37.75
BTG2	83.7142857142857	18.0909090909091	40.125
KIAA0101	32.2857142857143	0	75.125
TPD52	36	0	14.6875
GABARAPL2	194.285714285714	233.909090909091	127.4375
SEC11C	306.071428571429	40.4545454545455	87.9375
TCEAL8	91	135.727272727273	88.5
IFNGR2	74.1428571428571	68.5454545454545	109.625
OLFML2A	0.357142857142857	51.3636363636364	0
SPP1	2.57142857142857	0	279.1875
SF3B5	140.214285714286	138	105
NCOA4	78.2142857142857	118.909090909091	112.5
GGH	46.0714285714286	0	93.4375
SEC61B	220.785714285714	142.272727272727	87.8125
TUG1	60.5	8.81818181818182	17.3125
CNOT8	60.7142857142857	83.8181818181818	63
SCARB2	38.4285714285714	76.0909090909091	51.5
SPPL2A	14	17.6363636363636	0
EGFL7	0	3.90909090909091	0
KCNJ8	0	0	0
ASPN	0	0	4.125
C1orf123	27.5	73.5454545454545	62.4375
SCOC	143.428571428571	75.5454545454545	50.125
DLD	85.3571428571429	45	78.75
ZNF83	23.9285714285714	289.272727272727	58.6875
MS4A3	0	0	0
DHRS7	95.7142857142857	36.4545454545455	29.25
TSPAN13	69.7857142857143	166.454545454545	99.0625
MRPS21	75.1428571428571	131	117.875
THRAP3	9.57142857142857	55.3636363636364	41.4375
ADIPOR1	52.1428571428571	15.7272727272727	98.875
SRSF1	39.5	46.6363636363636	32.0625
MLLT11	0	18.3636363636364	6.625
BCLAF1	61.0714285714286	10.9090909090909	37.6875
RSRC2	18.0714285714286	168	86.625
ACAT1	14.0714285714286	99.1818181818182	32.4375
PTPRA	26.8571428571429	74.0909090909091	45.875
SELT	97.3571428571429	101.909090909091	46.4375
FKBP3	85.9285714285714	0.818181818181818	120.4375
PRNP	10.7142857142857	89.7272727272727	0
FAM136A	184.214285714286	0	52.1875
DDX56	84.4285714285714	100.363636363636	20.25
CLNS1A	79.7857142857143	69.6363636363636	62.25
BSG	108.642857142857	70.3636363636364	45.5
CLTC	143	100.454545454545	30.0625
DCTN2	17.6428571428571	73.2727272727273	60.125
SLC40A1	150.071428571429	0	13.375
C1S	0	0	0.125
CD46	42.5	16.7272727272727	177.3125
KCNQ1OT1	35.3571428571429	41.6363636363636	178.125
ITGA6	22.8571428571429	162.727272727273	27.6875
FXYD6	0.428571428571429	81.6363636363636	32.75
ATP6V0E1	86.2142857142857	130.363636363636	111.625
ATP1A1	24.2857142857143	0	93.1875
CD47	72	84.4545454545455	40.25
PCBP2	63.7142857142857	86.3636363636364	70.75
YIPF3	63.8571428571429	60.9090909090909	9.375
FAM32A	15.4285714285714	143.818181818182	117.8125
FHL1	0	80.5454545454545	0
LAMC1	21	131.818181818182	107.1875
ZFAND6	47.0714285714286	28.6363636363636	98.1875
GCA	88.6428571428571	82.9090909090909	100.375
PIAS1	24.5714285714286	53.3636363636364	53.5625
ISYNA1	27.1428571428571	0	11
RGS2	11.7142857142857	0	10.375
YTHDF2	10.1428571428571	206.454545454545	16.75
LAMB2	44.1428571428571	19.2727272727273	10.875
PUM2	78.4285714285714	68.1818181818182	25.6875
PDGFRB	0	0	11.25
EIF3K	81.8571428571429	299	89.6875
FBXO21	64.4285714285714	0	41.125
PLAGL1	36.6428571428571	0	15.3125
MRPS18B	38.6428571428571	9.09090909090909	16.9375
DCP1A	23.1428571428571	228.363636363636	44
MPV17	91.1428571428571	47.9090909090909	49.3125
OXA1L	82.5	63.1818181818182	72.0625
DHRS3	44.2142857142857	0.545454545454545	47.5
NCOR1	31.8571428571429	70	23.0625
SEC23B	129.571428571429	0	0
TACC1	36	39.5454545454545	47.0625
FEV	0	0	0
IK	49.8571428571429	46.3636363636364	117.8125
EWSR1	37.5	40.5454545454545	51.3125
DUT	91.8571428571429	66.7272727272727	79.375
TUBG1	25.9285714285714	0	56.4375
TNFAIP1	3.42857142857143	116.454545454545	1.1875
PSMC5	64.5714285714286	71.9090909090909	3.6875
MED13	12.7142857142857	50.2727272727273	30.25
USP34	56.8571428571429	5.54545454545455	69.375
DAD1	164.428571428571	293.363636363636	203
KIAA1191	20.2857142857143	0	30.5
ATP6V1B2	21.5714285714286	0	57.8125
SNRNP40	59.5714285714286	43	48.8125
HTRA1	0	162.818181818182	6.1875
PDCD4	152.571428571429	9.27272727272727	69.75
TH1L	115.428571428571	44.0909090909091	5.125
COL6A1	2.14285714285714	0.818181818181818	24.875
PIGT	68.7142857142857	127.454545454545	51.0625
MOXD1	0	0	0
ERP44	159.642857142857	110.818181818182	70.125
NIPA2	41.2142857142857	80.9090909090909	80.5625
IL6ST	6.64285714285714	137.636363636364	29.8125
ORMDL1	43.2142857142857	150	79
LPHN2	4.42857142857143	136.545454545455	14.9375
NCSTN	106.571428571429	47	42.8125
USP22	37.9285714285714	99.7272727272727	80.5625
THSD1	0	67.2727272727273	0
TNRC6B	15.3571428571429	14.6363636363636	118.375
TSN	73.4285714285714	66.8181818181818	92.0625
FABP5	7.28571428571429	257	2.5
SEC63	18	98.8181818181818	50.0625
UBXN4	71.6428571428571	61.8181818181818	54.1875
HNRNPR	14.8571428571429	0	17.8125
NAE1	73.7142857142857	0	110.875
AKR1B1	5.92857142857143	67.0909090909091	50.9375
ABCG2	0	154.272727272727	0
RPL18A	228.928571428571	231.727272727273	242.875
PSMD14	106.285714285714	46.2727272727273	16.8125
RPL13A	222.857142857143	128	151.375
HIST2H2BE	30.2857142857143	0	0
GOLGA7	63.5	15.5454545454545	19.0625
PPP1R12A	35.4285714285714	107	43.5625
C1orf43	49.5	38.7272727272727	37.625
STAT1	12.7857142857143	54.9090909090909	184.75
GNL3	97.4285714285714	0	19.625
LXN	5.57142857142857	328.818181818182	0
F2R	0	154.909090909091	13.875
SNAP25	8.78571428571429	0	14.25
MYLK	0	37.6363636363636	22.1875
YIPF5	14.9285714285714	18.7272727272727	44.0625
SNRPD2	146.428571428571	207.363636363636	169.875
EIF6	109.642857142857	59	83.1875
SEPT4	0	0	1.5625
LBH	16.7857142857143	0.181818181818182	8.25
IER3IP1	60.8571428571429	128.636363636364	71.5625
ZEB2	0	3.45454545454545	0.375
SNX5	47.9285714285714	60.7272727272727	64.125
CD200	8.64285714285714	12.3636363636364	0
FAU	212.285714285714	203.636363636364	200.125
BZW2	7.28571428571429	105.909090909091	33.5625
SBNO1	32.3571428571429	145.454545454545	176.875
TROVE2	2.21428571428571	8.36363636363636	35.625
WRB	45.8571428571429	0	6.3125
AKR1A1	81.0714285714286	0.454545454545455	64.5
BDH2	26.0714285714286	128.272727272727	84.875
PCMTD2	4.14285714285714	206.090909090909	66.6875
TXNDC12	214.642857142857	66.0909090909091	39.875
NEMF	86.7142857142857	37	87.1875
CRK	35.8571428571429	171.727272727273	59.1875
UBE2V2	45.7142857142857	90.5454545454545	100.375
MLL5	83	77.8181818181818	71.75
CPNE1	28.9285714285714	12.8181818181818	24.125
PROM1	92	0	171.8125
NUSAP1	26.5	0	62.75
SF3B3	9.35714285714286	16.7272727272727	37
WDR83OS	166.785714285714	239.454545454545	133.375
LMBR1	25.3571428571429	111.727272727273	81.5
MTCH1	62.5	52.3636363636364	37.625
PSMD13	25.3571428571429	0	58.375
STOML2	83.5	3.63636363636364	95.375
ARPC1A	42.0714285714286	36.4545454545455	51.3125
UBE2E3	8.64285714285714	95.9090909090909	132.5625
RDH11	93.7857142857143	29.0909090909091	88.1875
CSNK1A1	53.5714285714286	125.545454545455	79.4375
COPA	10.7857142857143	35.4545454545455	12
SRSF11	57.9285714285714	167.727272727273	106.0625
PBRM1	61.1428571428571	0	13.6875
EFTUD2	0.928571428571429	77.4545454545455	0.25
UFC1	139.142857142857	199.727272727273	101.125
RNF7	109.5	233.545454545455	116.5625
ID1	15.0714285714286	223.454545454545	82.4375
CHD4	44.6428571428571	51.5454545454545	37.5625
TJP1	44	184.545454545455	28.6875
PHB2	94.7857142857143	9.36363636363636	66.875
PPP1CB	39.2142857142857	40.8181818181818	95
RAB34	20.7857142857143	36.4545454545455	79.375
CNPY2	156.357142857143	103.454545454545	183.125
SEC61A1	30.2142857142857	27.1818181818182	10.8125
VWF	0	73.1818181818182	0.4375
TOM1L1	50.7142857142857	0	38.4375
TRAM1	91.1428571428571	102.363636363636	54.6875
PSMD6	51.5	35.0909090909091	143.6875
DENR	82.7857142857143	64.9090909090909	45.0625
VDAC2	99.7142857142857	150.454545454545	116.625
LMNA	0	8.54545454545454	0
ARHGEF7	0	263.909090909091	14.0625
CERS2	39	8.54545454545454	77.125
C1orf63	37.7857142857143	218.454545454545	88.125
SDAD1	103.071428571429	110.545454545455	62.375
FOXP1	70.3571428571429	81.0909090909091	66.8125
NCBP2	28.6428571428571	0	84.9375
SARS	28.5714285714286	9.54545454545454	30.875
DDX3X	28.2142857142857	52.2727272727273	114.4375
CUEDC2	19.0714285714286	0	47.75
JAM3	0	133.363636363636	6.0625
GRSF1	10.1428571428571	19.4545454545455	60.1875
HPGD	12.7142857142857	218.181818181818	74.25
TMEM106C	41.3571428571429	0	116.125
GLT8D1	14.2857142857143	68.6363636363636	9.75
ZBTB1	15.5	145.363636363636	58.5625
NEDD9	0	145.545454545455	29.6875
SRP72	34.2857142857143	44.3636363636364	68.9375
FLOT1	16.4285714285714	144.090909090909	96.375
C14orf1	102.071428571429	0	33.625
SDC2	75.7142857142857	0	81.75
ATXN7L3B	87	2.90909090909091	31
RCN1	29.2857142857143	55.5454545454545	69.1875
SCFD1	89.9285714285714	162.909090909091	64.75
ZNF84	13.5714285714286	68.3636363636364	47.3125
AASDHPPT	84.2142857142857	0	136.0625
SRSF6	78.2142857142857	125.909090909091	102
C14orf119	83.9285714285714	19.9090909090909	27.9375
JMJD1C	16.3571428571429	91.9090909090909	36
PRKRA	44.4285714285714	73	42.1875
GPM6B	0.214285714285714	0	1.5
MYO10	20.2142857142857	25.1818181818182	31.875
TUSC3	35.1428571428571	0	72.625
ANKRD17	84.7857142857143	9.90909090909091	88.5
ICAM1	0.142857142857143	0	9.5
HBP1	8.92857142857143	58.9090909090909	40.6875
ATP2B1	85.9285714285714	7	7.75
PSMD4	32.1428571428571	34.4545454545455	97.6875
C1QBP	41.7142857142857	51.6363636363636	105.1875
ALDH9A1	24.3571428571429	0	33.125
AKR7A2	103.428571428571	63.4545454545455	6.875
SPCS1	166.642857142857	135.545454545455	129.25
COPS5	58.2857142857143	31.9090909090909	110.875
PPP1CA	39.6428571428571	78.7272727272727	82.3125
CENPF	13.8571428571429	0	13.625
PRND	0	90.6363636363636	10.25
SAMM50	93.2142857142857	72.0909090909091	13.1875
FH	22.2142857142857	105.454545454545	21.5625
CXCR4	0	151.272727272727	34.625
MMS19	0.642857142857143	0.909090909090909	11.9375
RAB11A	65.0714285714286	103	24.125
DBI	67.5	89.1818181818182	52.125
STT3A	158.071428571429	45.8181818181818	70
ITGA5	0.928571428571429	73.3636363636364	4.125
CAV2	9.42857142857143	191.727272727273	21.6875
HDAC3	36.9285714285714	35.9090909090909	17.3125
KARS	9	0	83.4375
ARMC8	68.2857142857143	0	33.625
PPAP2B	0	18.7272727272727	22.5625
MKRN1	92.5	0	18.125
LAMC3	0	0	0
HEG1	0	204.545454545455	37.9375
CSNK2B	36.5	57.5454545454545	86.1875
PTN	0	0	0
CKB	68.3571428571429	25.7272727272727	146
GNAI1	0	79.6363636363636	0
AFAP1L1	0	50.6363636363636	0
WDR60	19.7857142857143	34.5454545454545	0.3125
MTCH2	39.8571428571429	4.45454545454545	101.5
VBP1	8.42857142857143	1.18181818181818	44.4375
TNS3	142.571428571429	0	40.375
SCAMP1	8	99.2727272727273	0
SNX4	33.7857142857143	34.1818181818182	7.5625
SPIN1	34	63.0909090909091	101.1875
C22orf28	96	15.2727272727273	115.5
CPSF3	120.857142857143	0	13.0625
PTRF	0	69	0
PDXDC1	68.3571428571429	0	28.375
RER1	82.7857142857143	42.3636363636364	175.6875
GTPBP4	45.4285714285714	0	0
ZNF559	3.92857142857143	0	3.3125
IDI1	77.5714285714286	112.636363636364	30.875
MCM7	30.5	0	15.9375
GCC2	74.2142857142857	138.909090909091	87.0625
RGS4	0	0	0
SEL1L	220.142857142857	10.2727272727273	54.5625
GUCY1A3	0	0	34.5625
LRRC41	63.2142857142857	19.1818181818182	0
C12orf75	40.7857142857143	50.7272727272727	32.1875
STARD13	21.2857142857143	19.4545454545455	52.8125
SLC4A4	31.0714285714286	0	375.9375
C4orf3	50.5714285714286	73.6363636363636	83.6875
RPL24	130.071428571429	244.454545454545	159.625
NUCB2	261.928571428571	3.63636363636364	37.625
CACYBP	63.2857142857143	131.272727272727	78.25
PRRC2B	15.4285714285714	54.0909090909091	136.3125
TIA1	37.9285714285714	104.363636363636	62.5625
CLDN4	15.0714285714286	0	11
MFSD1	4.5	0	7.375
CTSC	56.6428571428571	128.545454545455	5.625
VAMP3	53.2857142857143	35.0909090909091	21.1875
ECHS1	61.4285714285714	73.3636363636364	90.625
ATP6V1A	45.7857142857143	101.909090909091	8.5
CTSD	37.3571428571429	34.7272727272727	2.9375
TM2D3	45.4285714285714	66.4545454545455	98.9375
BLCAP	9.71428571428571	55.5454545454545	0
FAM49B	38.2857142857143	19.0909090909091	69.125
DIABLO	68.1428571428571	21.2727272727273	62.1875
EIF2B1	22.5714285714286	0.181818181818182	53.5
NIPSNAP3A	4	2.90909090909091	77.25
SCG2	7.07142857142857	0	0
MEAF6	31.7142857142857	29.9090909090909	35.25
COMMD10	37.4285714285714	96	37.5625
CSRP2	38.2142857142857	137	32.5625
CTDSP2	37.2857142857143	109.909090909091	52.6875
CYFIP1	15.4285714285714	0.0909090909090909	16.75
SNX6	90.8571428571429	95.5454545454545	76
PSME2	68.1428571428571	154.454545454545	88.3125
ATF4	69.8571428571429	3.27272727272727	49.8125
FBXO7	63.5	0	69.4375
VCL	31.1428571428571	0.272727272727273	11.0625
C1orf198	2.42857142857143	0	0
SUCLA2	70.1428571428571	0	47.6875
CHCHD2	222.928571428571	84.1818181818182	113.1875
SSB	69.4285714285714	148.090909090909	167.9375
SNX17	72.1428571428571	0	33.3125
CCNB1	51.1428571428571	0	0
ETNK1	39.7857142857143	34.6363636363636	85.3125
TEX2	12.2142857142857	0	46.75
CASC4	50.9285714285714	18.7272727272727	84.5625
SMARCA5	21.4285714285714	0.363636363636364	70.25
IP6K2	56	65.9090909090909	87.875
ALAS2	0	0	0
TAF9B	10.6428571428571	76	12.6875
PLEKHB2	136.214285714286	78.5454545454545	38.8125
NFE2L2	49.7857142857143	0	93.5
RSL24D1	57.2142857142857	109.090909090909	82.875
PTPN12	1.57142857142857	187.636363636364	0.625
SEC24D	5.85714285714286	0	0.25
PHF3	4.85714285714286	13	86.9375
ETFA	15	54.6363636363636	46.25
ACTR1A	16.7142857142857	153.818181818182	28
PRMT2	22.7142857142857	49.6363636363636	109.3125
ARL6IP5	69	31.8181818181818	125.9375
RBX1	89.5	297.181818181818	159.3125
VPS29	79.5714285714286	63.3636363636364	101.125
ARPC1B	2.28571428571429	62.2727272727273	9.875
METTL3	17.2142857142857	0	64.9375
CALCOCO2	33.0714285714286	5.54545454545455	26.375
CHMP2A	47.0714285714286	185.545454545455	57.5
ERG	0	91.5454545454545	11.1875
CKAP5	17.5	117.181818181818	0
C20orf3	55.8571428571429	2.54545454545455	41.25
PSMD9	43.4285714285714	52.1818181818182	53.75
SNRPE	129.357142857143	144.636363636364	174.8125
FRAS1	72.2857142857143	0	189.1875
NR2F2	0	73.2727272727273	4.125
YWHAE	118.5	73.3636363636364	93.375
NDUFB9	133.928571428571	60	164.75
PRRC2C	36.9285714285714	11	48.6875
PTK2	35.7142857142857	48.3636363636364	11
ACAA2	97.5	0	58.6875
KLC1	2.85714285714286	12.2727272727273	82.375
SLBP	11.8571428571429	92.6363636363636	54.25
CYSTM1	74	0	109.6875
CAP1	83.3571428571429	79.4545454545455	35.125
GLRX3	19.5	44.4545454545455	20.8125
BCAP31	196.642857142857	73.2727272727273	88.8125
EIF3D	38.9285714285714	89.7272727272727	48.4375
DMXL2	23.0714285714286	3.36363636363636	46.8125
OCIAD1	99.1428571428571	116	92.625
SAP18	115.571428571429	109.909090909091	130.1875
S1PR1	0	115.636363636364	26.25
PLTP	110.857142857143	9.54545454545454	5
CADPS	17.6428571428571	0.0909090909090909	55.1875
NDUFB10	159.785714285714	120.363636363636	151.0625
ARCN1	87.5	8.54545454545454	24
NNAT	2.78571428571429	0	0
RBP5	0	165.636363636364	0
NFYC	17.5	24	135.5625
FAM54B	33.5	0	76.9375
CCNG1	30.9285714285714	0	0.125
NXF1	42.5714285714286	82.8181818181818	42.75
ABHD13	7.42857142857143	67.8181818181818	23.6875
MYO6	23.5714285714286	86.2727272727273	10.5625
MRPL10	44.0714285714286	0.0909090909090909	4.375
WTAP	20.4285714285714	50.0909090909091	71.3125
PSMD11	93	36.2727272727273	29.625
IFNAR1	56.2142857142857	137.454545454545	27.5
CSE1L	27.0714285714286	2.36363636363636	43.375
EPRS	75.5714285714286	69.1818181818182	83.375
UCP2	64.1428571428571	0	28.0625
TSPAN31	11.8571428571429	20.8181818181818	48.5625
ANAPC16	205.857142857143	38.9090909090909	89.1875
HNRNPM	5.71428571428571	24.0909090909091	49.875
RAB5A	15.7857142857143	73.9090909090909	0
TMEM147	117.357142857143	122.090909090909	133
LIFR	0	204.727272727273	20.375
NBN	11.9285714285714	0	64
TBL1XR1	26.2857142857143	149.090909090909	99.6875
KCTD12	2.28571428571429	37.3636363636364	1
SEC11A	144.785714285714	75	93.6875
SLC25A39	78.6428571428571	0	80.6875
TEK	0	73.5454545454545	0
CETP	0	167.090909090909	0
MYH10	18.9285714285714	5.45454545454545	95.125
NBR1	92.1428571428571	67.6363636363636	48.3125
AKAP12	0	0.0909090909090909	3.4375
VPS13B	49.8571428571429	27.5454545454545	39.75
PIAS3	42.7142857142857	75.4545454545455	53.5625
FKBP9	9.78571428571429	151.909090909091	8.5625
SUMF1	106.642857142857	0	153.125
RNH1	8.28571428571429	7.09090909090909	0.875
TOMM5	100.714285714286	78.2727272727273	93.5625
HSPA9	56.6428571428571	30.1818181818182	13.625
TXN2	42.7142857142857	237.454545454545	113.625
CTBP2	27.8571428571429	118.636363636364	52.8125
POLR2B	53.6428571428571	7.81818181818182	33.0625
PSMB4	30.0714285714286	120.090909090909	68.6875
AMZ2	30.9285714285714	96.6363636363636	156.625
COPS4	51.5714285714286	0	63.6875
ASNS	15.5714285714286	0	0
KCNK17	11	0	0
PHPT1	131.928571428571	159.181818181818	166.1875
GGNBP2	40.5	33.2727272727273	55.8125
LOC388796	20.7142857142857	88.9090909090909	29.4375
TMEM204	0	44.6363636363636	0
SPTAN1	3.42857142857143	64.7272727272727	30
GSTO1	66.8571428571429	26.4545454545455	184.875
AHCY	53.7142857142857	60.2727272727273	50.625
PPP2CB	2.35714285714286	117.818181818182	82.375
NHP2L1	140.785714285714	124.181818181818	150.1875
PTPN2	31.9285714285714	0	35.0625
NDST1	1.64285714285714	13.3636363636364	23.5
ACADM	35.9285714285714	151.636363636364	20
IMPDH2	40.5714285714286	0	27.5625
SSTR2	0	0	0
SNRK	22.5	109.818181818182	0
FAT1	26.5714285714286	0	56
SLC35A4	10.9285714285714	56.0909090909091	29.625
ADD3	108.357142857143	0	8
PLRG1	89	0.818181818181818	8.875
SSBP2	56.9285714285714	0	46.75
FAM171A1	6.71428571428571	45.8181818181818	110.9375
ARHGAP29	2.92857142857143	119.636363636364	39.25
HARS2	2.14285714285714	90.6363636363636	1.3125
PDZD11	28.2857142857143	0	30
SCP2	67.9285714285714	82.8181818181818	98.125
SUN1	21.5	101.636363636364	36.5
TMEM14C	58.3571428571429	94.1818181818182	84.375
ADNP	15.0714285714286	52.3636363636364	132.875
EZR	18.2142857142857	11.0909090909091	6.875
RPL35	203.214285714286	263.909090909091	243.375
WWTR1	1.35714285714286	56.7272727272727	66.625
C5orf15	66	0	16.25
MAP1LC3B	29.5714285714286	25	9.25
IPO9	75.5	0	12.3125
MRPL3	54.0714285714286	0.0909090909090909	95
PSMA5	66.3571428571429	122.181818181818	71
SET	41.7857142857143	110.181818181818	63.1875
PEAK1	0.571428571428571	3.63636363636364	51.5625
EIF3A	16.7142857142857	108.727272727273	88.25
DECR1	24.5	98.8181818181818	144.5
MCAM	0	6.63636363636364	6.6875
HSD17B10	27.0714285714286	29	69.625
KCNS3	5	0	0
NDUFV2	86.4285714285714	27	81.9375
MPRIP	17.7857142857143	111.090909090909	0
CTSL1	44.8571428571429	0	45.0625
TECR	134.357142857143	84.0909090909091	93.3125
EDF1	116.785714285714	224.454545454545	108.375
HSPH1	17.0714285714286	69.2727272727273	31.375
STK3	23.5714285714286	4.81818181818182	10.0625
TMED3	41.2142857142857	0	29.3125
SNRNP200	68	77.1818181818182	21.4375
DNAJB9	111.142857142857	0	29.875
BNIP3L	15.8571428571429	37.4545454545455	68.375
MAN1A1	11.2142857142857	0	0
LOC100128252	47.4285714285714	0	64.375
MRPS6	42.3571428571429	15.5454545454545	44.875
NOSTRIN	0.142857142857143	144.454545454545	0
CXADR	16.7142857142857	0	108.3125
DNAJC10	72.2142857142857	0	96.3125
PSMD7	87.7857142857143	62	89.6875
VPS28	18.0714285714286	47.8181818181818	39.625
CDC37	11.3571428571429	24.8181818181818	7.875
DRAM2	10	11.9090909090909	60.375
NUP88	18.0714285714286	0	3.9375
SNRPD1	51.7142857142857	78.3636363636364	144.5
PNRC1	55.2857142857143	74.3636363636364	43.3125
ZNF638	39	23.3636363636364	82.375
ZNF555	3.85714285714286	39.2727272727273	0
IFI16	0	36.6363636363636	2.125
FARSB	9.35714285714286	0	49.875
ZNF154	3.14285714285714	0	0
RPL27	141.428571428571	296.636363636364	181.9375
CPNE3	18.2857142857143	32.5454545454545	74.125
TRA2B	21.8571428571429	33.4545454545455	13.25
LDB2	0	5.81818181818182	0
ZBED6	21.5	13.5454545454545	16.25
MED4	7.64285714285714	68.2727272727273	78.6875
AHSP	0	0	0
RPS25	192.5	231.272727272727	184
EHD4	0	17.6363636363636	1.25
CGGBP1	56.0714285714286	62.9090909090909	71.875
ENPP2	71.5714285714286	0	62.3125
PLOD1	16.4285714285714	1.63636363636364	30.875
RAB10	10.1428571428571	110.636363636364	49.75
KIAA0141	8.5	0.727272727272727	22.3125
HECTD1	0.714285714285714	2.72727272727273	12.125
SBDS	35.7857142857143	28.4545454545455	37.8125
CFTR	7.21428571428571	0	264.3125
VPS25	32.4285714285714	8.90909090909091	6.25
MTG1	36.5714285714286	113.727272727273	40.4375
DCTD	83.0714285714286	14.4545454545455	46.5625
NGDN	27.0714285714286	45.8181818181818	66.1875
ACVR1C	59.5714285714286	0	0
NUCKS1	11.1428571428571	23.0909090909091	19.3125
GNG12	0	0	0
RBM23	27.3571428571429	102.363636363636	37.375
BBS2	14.8571428571429	81.8181818181818	88.125
MRPS16	70.7142857142857	39.5454545454545	65.9375
ZAK	3.14285714285714	0	44.0625
ELTD1	0	90.0909090909091	5.875
FUCA2	44.8571428571429	48.9090909090909	35.8125
ATP6V1D	7.71428571428571	0	59.1875
RAB3D	48.7142857142857	0	7.875
MCCC1	13.8571428571429	0	43.0625
PMPCB	19.7857142857143	75.4545454545455	26.8125
MAT2B	15.4285714285714	28.9090909090909	36.375
HNRNPH1	47.5	155	67.125
RBMS2	5.5	0	1.75
ZMIZ1	0	70.8181818181818	37.8125
ZNF75A	160	0	23.875
CLIC4	1.78571428571429	80.7272727272727	29.8125
PLXDC1	0	0	0
CDH1	96.8571428571429	0	115.875
DPAGT1	58.5	9.18181818181818	15.125
ZDHHC4	92.3571428571429	0.363636363636364	85.9375
MARS	14.4285714285714	67.8181818181818	2.8125
LGMN	36.2142857142857	0.0909090909090909	33.6875
PAX6	10	0	0
CNN2	3.92857142857143	27.8181818181818	34.6875
IL33	0	157.727272727273	0
CS	77.1428571428571	7.72727272727273	88.4375
MED28	43.5714285714286	102.727272727273	60.5625
GTF2B	15.9285714285714	81.5454545454545	84.3125
COL6A6	0	0	20.4375
PPAPDC1B	88.7857142857143	0	32.875
VPS41	2.64285714285714	102	6.4375
SP3	22.5	14.0909090909091	0
ATF6	68.7142857142857	108.545454545455	66.375
RPL26	172.785714285714	275.454545454545	151.125
HM13	40.0714285714286	60.4545454545455	13.625
ZNF706	107	153.909090909091	90.6875
ATF7IP	67.3571428571429	0.363636363636364	124.875
PLEKHA1	35.7857142857143	126.090909090909	64.875
VPS37A	31.9285714285714	15.5454545454545	1
RANBP2	11	7.81818181818182	16.5
FBXO3	50.0714285714286	0	98.0625
GOLPH3	72.2857142857143	70.8181818181818	20.6875
ATRX	71.0714285714286	87.2727272727273	81.1875
ADSL	95.1428571428571	0.0909090909090909	68.375
TRIM27	21.7142857142857	52.8181818181818	0
FAM198B	0	170.727272727273	0.125
TCTN3	37.2857142857143	33.9090909090909	37.4375
SSR3	216.357142857143	0	52.5
KDM5B	36.1428571428571	123.636363636364	41.875
CTNNAL1	11.2142857142857	51.3636363636364	52.5
TRIM33	8.07142857142857	29.7272727272727	22.625
SNW1	33.9285714285714	28.3636363636364	59
MAP3K7	25	155.727272727273	39.125
GNAI2	0.285714285714286	53.4545454545455	0.625
IKBIP	0	9.27272727272727	0
SEC13	77.5714285714286	133.636363636364	45.5625
ZMYM2	8.71428571428571	11.5454545454545	25.9375
PSMC4	44	49	49.375
FANCL	1.35714285714286	78.4545454545455	76.3125
HP1BP3	44.2142857142857	32	26.875
CBX3	37.2857142857143	124.090909090909	72.25
GAB1	0.928571428571429	78.1818181818182	0.5
GSTM5	0	0	11.4375
CAPN2	0.0714285714285714	52.3636363636364	1
CYCS	45.1428571428571	0	99.8125
AHCYL1	28.3571428571429	19.7272727272727	80.3125
CERS5	0.0714285714285714	56.5454545454545	10
ATP5G1	68	136.454545454545	175.9375
GNG5	176.928571428571	179.454545454545	192.75
AAMP	35.2857142857143	0	31.125
MEF2C	0	97.4545454545455	1.25
UFM1	48.8571428571429	43.8181818181818	90
EGLN1	0.0714285714285714	133.909090909091	0
SMC3	35	0	63.4375
PGD	23.2857142857143	73.3636363636364	39.5
C10orf46	31.2857142857143	69.7272727272727	44.875
UBA2	10.5	125	1.4375
SNX2	47.8571428571429	0	80.75
LCMT1	65.9285714285714	26.2727272727273	33.3125
USP8	23.2857142857143	97.7272727272727	15.9375
ARRDC3	36.0714285714286	42.1818181818182	61.625
PTPRB	0	78.3636363636364	18.6875
USP15	29.4285714285714	0	13.75
HAT1	55.5714285714286	0	69.625
NDN	37.5714285714286	37.7272727272727	32.125
BAZ2B	38	0	52.3125
HMGN4	98.0714285714286	72.5454545454545	28.375
CISH	0.785714285714286	0	2.4375
PITPNB	42	33.1818181818182	33.9375
PPAP2A	10.2142857142857	61.5454545454545	29.1875
MTF2	69.6428571428571	2.09090909090909	43.9375
NAA20	62.5714285714286	38.7272727272727	85.4375
RPL37	113.714285714286	246.636363636364	163.3125
CPXM1	0	1.45454545454545	0
UGP2	38.5	0	37.5625
VMP1	73.4285714285714	56.8181818181818	93.1875
ADI1	32	0.0909090909090909	17.5625
NDUFS5	142.428571428571	110.727272727273	218.5625
SRM	57.1428571428571	86.6363636363636	27.0625
CDO1	82.1428571428571	0	111.625
MECOM	3.42857142857143	52	25.125
HMGCR	5.64285714285714	0	64.75
MRPL16	53	78.4545454545455	49.5625
KDM5A	17.9285714285714	6.54545454545455	9.125
CHID1	66.4285714285714	55.5454545454545	8
PSMF1	44.5714285714286	90.4545454545455	33.6875
UBE2J1	3.71428571428571	101.818181818182	47.0625
MRPS27	14.4285714285714	0	10.4375
CST3	107.785714285714	139.454545454545	38.6875
SNCA	0	0	0
GPRC5B	0.857142857142857	30.6363636363636	4.625
SYNPR	2.21428571428571	0	0
EDN1	0	77.7272727272727	13.8125
H2AFV	43.7142857142857	79.5454545454545	99.8125
ALG2	169.714285714286	0	44.0625
GNPAT	100.5	18.7272727272727	25.5625
TBC1D1	27.4285714285714	21.3636363636364	34.75
RHBDD2	52.8571428571429	52.2727272727273	58.6875
SREK1	12.2142857142857	53.9090909090909	76.125
PSMG2	89.5714285714286	69.0909090909091	89
SF3B14	114.571428571429	144.454545454545	114.875
TPGS2	33.7857142857143	0	116.0625
TIMM23	79.7142857142857	111.636363636364	37.9375
SHISA5	42.1428571428571	84.8181818181818	30.875
CDC16	3.35714285714286	79.8181818181818	59.6875
GOSR1	22	213.545454545455	27.5
GOT2	24.7142857142857	74.0909090909091	53.25
CNIH	80.8571428571429	19.9090909090909	83.125
NINJ1	48.5	27.7272727272727	48.625
RABAC1	57.2857142857143	143.545454545455	36.0625
PEF1	46.1428571428571	48.4545454545455	0
BTG1	79.3571428571429	48.8181818181818	51.875
REST	125.214285714286	18.1818181818182	62.1875
DNAJB11	40.5714285714286	168.454545454545	21.3125
APOE	15.2142857142857	0	25.1875
CHMP5	6.35714285714286	98.9090909090909	54.6875
PTCD3	3.64285714285714	62.3636363636364	48.375
SPPL3	33.2857142857143	51.5454545454545	7
UQCRH	66.0714285714286	66.6363636363636	188.5625
ADCY4	0	70.6363636363636	13.3125
YIPF6	52.5714285714286	14.7272727272727	17.8125
PPP4R1	0	1.63636363636364	10.0625
EMP2	11	70.8181818181818	13.75
C10orf54	0	41.0909090909091	8.4375
NEDD8	67.1428571428571	133.181818181818	135.4375
NCAM1	0	0	0
AP3B1	12.5	0	19.8125
ZNF254	37.5	21.5454545454545	80.375
HIF1A	28.5	123.727272727273	63.9375
SMAD2	3.64285714285714	0.545454545454545	3.9375
LSM4	26.7857142857143	5.45454545454545	30.3125
TMEM205	85.2142857142857	144.909090909091	64.375
PNISR	61.5	81.1818181818182	101.6875
CAT	13.4285714285714	71.0909090909091	93
PWP1	35.6428571428571	37.8181818181818	35.6875
AK3	25.4285714285714	0	53.125
WDR61	29.3571428571429	77.8181818181818	19.1875
USP16	27.2142857142857	59.3636363636364	35.375
OAZ2	22.1428571428571	43.7272727272727	44.6875
HIPK1	9.64285714285714	7.90909090909091	109.5
ALG5	82.2857142857143	49	64
KIAA2026	13.1428571428571	125.090909090909	3.0625
LOC550643	38.2142857142857	126.909090909091	90.0625
ALG8	17.7142857142857	73.2727272727273	112.4375
FOXO1	0	112.272727272727	7.5625
ZNF791	0.214285714285714	0	51.4375
UQCRB	92	143.272727272727	68.1875
GPX4	63.2857142857143	136.727272727273	115.875
PRMT5	55.6428571428571	6.27272727272727	37.3125
LRP6	15.2142857142857	142	60.0625
NAV1	12.7857142857143	35.7272727272727	20.9375
PRUNE	0.857142857142857	2.63636363636364	10.1875
COX7A2	71.8571428571429	123.090909090909	182.3125
SLC29A1	37.1428571428571	0	0
KIDINS220	1.92857142857143	46.6363636363636	47.375
CCNDBP1	5.42857142857143	0	25.6875
C19orf42	38.6428571428571	51.7272727272727	118
SOS1	20.6428571428571	55.8181818181818	1.25
NSMCE4A	44.1428571428571	28.3636363636364	13.75
SGCE	0.5	0	39.8125
C10orf116	0	0	0
PDLIM1	0	0	29.375
SARNP	89.6428571428571	35.2727272727273	88.8125
RAB6A	30.6428571428571	17.0909090909091	8.4375
AHR	0.571428571428571	195.454545454545	1.1875
EBNA1BP2	86.7857142857143	90.6363636363636	55.3125
SCCPDH	66.8571428571429	83.2727272727273	117.625
GTF3C6	59	128.636363636364	14.4375
ACTR3	14.2857142857143	93.5454545454545	47.5625
PPID	44.2142857142857	113.636363636364	32.75
ATP6V0D1	34.5714285714286	0	35.875
IPO5	20.1428571428571	45.4545454545455	4.5625
CUTA	98.0714285714286	93.8181818181818	102
ANKRD46	0	0	14.75
TMEM173	0	62.0909090909091	6.1875
JAG1	52.9285714285714	9.09090909090909	62.8125
FERMT2	0.428571428571429	0.181818181818182	34.5625
CYB5R3	17.5	73.7272727272727	18.75
NET1	9.14285714285714	16.4545454545455	14.5
ZFP82	0	0	0
PCOLCE	0	0	0
RBM4	89.3571428571429	112.090909090909	118.625
EAPP	148.285714285714	26.1818181818182	53.75
XRN1	1.57142857142857	65.3636363636364	75.9375
ERAL1	113	0	13.1875
PARP1	79.1428571428571	0	42.875
PAPOLA	33.1428571428571	43.3636363636364	84.375
XPO1	40.5	31.6363636363636	55.5625
PHACTR4	18.3571428571429	149.909090909091	32.9375
TBC1D23	4.21428571428571	0	0.8125
MAPK1	42.7857142857143	46.5454545454545	39.5625
NDUFA6	88.9285714285714	195.090909090909	105.9375
FIBP	13.8571428571429	35	15.8125
TEX10	26.6428571428571	0	63.5
KIF20A	2.07142857142857	0	0
CAND1	23.7142857142857	84.5454545454545	96.8125
KIAA1109	23.6428571428571	108.090909090909	64.6875
HUWE1	44.5714285714286	99.4545454545455	66.9375
ZC3H15	63.9285714285714	42.6363636363636	35.1875
SF3A3	18.4285714285714	0.272727272727273	37.9375
DCTN1	8.64285714285714	115.090909090909	15
ATIC	70.7142857142857	0	55.1875
SF3B2	25.0714285714286	0.181818181818182	10.6875
MCTS1	10.1428571428571	0.363636363636364	14.375
SLIT3	10.2142857142857	0	0.125
SRSF9	57.1428571428571	105.727272727273	79.9375
VPS72	20.3571428571429	3.81818181818182	36.625
USP47	25	0	90.4375
EHBP1	34.5	51.8181818181818	30.1875
ZNF271	20.8571428571429	17.9090909090909	32.875
MAGT1	1.92857142857143	49.9090909090909	31.8125
RAB7A	36.2857142857143	58.0909090909091	62.3125
QPCT	7.42857142857143	0	0
DCAF13	64.2142857142857	0	14.1875
PTP4A2	83.1428571428571	49.5454545454545	101.75
PAFAH1B3	58.5	0	102.9375
THUMPD1	20.7857142857143	132.818181818182	63.4375
CYR61	34.5	0.0909090909090909	89.3125
MSH6	7.21428571428571	11.8181818181818	35.75
PAK1IP1	19.7142857142857	61.6363636363636	29.1875
SNRPC	89.4285714285714	144.727272727273	63.75
ANKRD50	20	57.0909090909091	33.5625
C5orf51	93.5	117.272727272727	49.5
SLC44A2	2.07142857142857	6.54545454545455	1.9375
PPM1G	5.71428571428571	34.1818181818182	8.5
TIPRL	43.7142857142857	37.1818181818182	42.0625
PRPF40A	23.7857142857143	164.818181818182	65.375
DICER1	13.7857142857143	50.1818181818182	128.8125
CCNI	28.0714285714286	52.0909090909091	43.25
SLC3A2	38.5	32.2727272727273	8.5625
KLHL20	1.78571428571429	0	31
RBL2	1.92857142857143	0	34.6875
RPL36	180.714285714286	178.272727272727	151.0625
COMT	31.9285714285714	28.6363636363636	45.3125
RPF1	17.8571428571429	65.7272727272727	83
PPP3CB	0.214285714285714	13	0.375
TIE1	0	81.2727272727273	0.25
TASP1	5.78571428571429	1	7.1875
RARS2	79.4285714285714	17.4545454545455	37.1875
CCNL2	24.7857142857143	22.6363636363636	77.3125
COPS3	25.5714285714286	0	43.875
UQCRFS1	77.8571428571429	84.1818181818182	101.6875
UTP6	6.5	35.3636363636364	4.4375
IWS1	10.0714285714286	0	34.3125
FAM60A	75.5	29.4545454545455	45.0625
MRPL27	115.285714285714	77.3636363636364	51.6875
SMARCA2	4.64285714285714	23.5454545454545	52
RNF13	86.0714285714286	70.1818181818182	46.4375
PGM1	16.7857142857143	0	58.75
AKT3	0.571428571428571	31.4545454545455	19.5625
EIF4E2	56.7142857142857	54.3636363636364	123.6875
PSMC3	43.9285714285714	34.5454545454545	8.0625
AGK	6.28571428571429	6.45454545454545	40.0625
TM9SF1	51.8571428571429	0	97.25
RNF19A	1.35714285714286	146.909090909091	25.8125
SULF1	14.8571428571429	0	0
MAD2L2	16.7857142857143	0	5.3125
TTYH1	23	0	73.125
ERLIN1	9.71428571428571	139.818181818182	1.6875
CNDP2	12.5714285714286	5.45454545454545	29.125
PSMC2	73.7142857142857	0	100.875
CIAPIN1	9.21428571428571	59.1818181818182	32.125
THOC2	25.2142857142857	0	77.375
TXLNA	27.5	27.3636363636364	112.5
RPS9	82.7142857142857	71.5454545454545	94.625
EGFL6	0	0	0
MRPS18A	39.3571428571429	77.8181818181818	25.875
UQCRQ	116.428571428571	164.545454545455	201.375
RCBTB2	0.0714285714285714	0	51.375
MRPL13	46.1428571428571	43.1818181818182	66.75
CPSF6	6.28571428571429	51.2727272727273	2.9375
DUSP11	23.1428571428571	95	22
SOCS2	0	127.636363636364	1.375
TMX4	0.642857142857143	0	31.5625
UBE2L3	126.785714285714	18.0909090909091	104.6875
CIAO1	65.0714285714286	18.7272727272727	1.9375
ECD	52.5714285714286	56	20.4375
VPS35	71.5714285714286	23.2727272727273	39.3125
GMPR2	29.6428571428571	12.4545454545455	44.875
RARRES2	195.071428571429	0	0
ZNF266	1.5	0	0.0625
BRWD1	16.2142857142857	91.5454545454545	31.3125
HARS	1	0	80.25
LAMTOR3	120.428571428571	21.6363636363636	65.6875
SNRPD3	91.7857142857143	115.272727272727	143.3125
C3orf32	0	75.8181818181818	0
PKIG	23.8571428571429	90.2727272727273	42.5625
ZC3H14	0.928571428571429	134.181818181818	22.625
NDEL1	55.7142857142857	0.0909090909090909	3.6875
ZFR	40.5	54.0909090909091	105.125
MINPP1	12.3571428571429	0	64.4375
CCNB1IP1	7	27.4545454545455	18.5625
GDE1	31.2857142857143	0	15.0625
KLF6	19.4285714285714	4.90909090909091	29.0625
SCAF11	23	19.1818181818182	59.0625
GLOD4	81.6428571428571	0	39.4375
STRA6	0	77.7272727272727	19.4375
NPEPPS	47.7142857142857	42.8181818181818	43.375
EIF4EBP1	167.714285714286	53.3636363636364	15.8125
HIBADH	12.8571428571429	0	74.0625
MRPS7	36.2857142857143	91.5454545454545	147.125
PEX2	78.2857142857143	39	50.125
ERGIC2	44.2857142857143	50.5454545454545	30.8125
RPL41	246.428571428571	223	259.6875
CRIM1	0.0714285714285714	5.81818181818182	27.6875
DKC1	30.6428571428571	68	33.625
GNB1	8.35714285714286	197.909090909091	18
ILF3	18.6428571428571	8.72727272727273	32
TARDBP	5.71428571428571	51.1818181818182	32.5625
SEMA5A	8.07142857142857	0	1.6875
ADD1	16	72.6363636363636	6
MTX2	15.2857142857143	0.0909090909090909	52.375
ALDH7A1	27.5714285714286	2.09090909090909	45.5
SSBP1	110.642857142857	99.5454545454545	164.4375
SMAD5	3.07142857142857	85.5454545454545	28.25
EIF1B	48.8571428571429	169.909090909091	133.625
PHYHIPL	67.3571428571429	0	168.1875
COX6C	93.7142857142857	225.545454545455	147.375
MRPL37	50.1428571428571	0	49.1875
PAICS	42.2857142857143	0	30.125
FAM200B	112.142857142857	26.6363636363636	54.125
METTL1	19.1428571428571	89.1818181818182	0.125
ZNF671	0	0.272727272727273	0
MRPL51	72.6428571428571	90.6363636363636	149.625
SAR1A	33.5714285714286	129.909090909091	34.875
DGUOK	51.0714285714286	9.63636363636364	59.125
GLUD1	0.0714285714285714	36.3636363636364	10.4375
NRD1	31.0714285714286	0	19
ZNF146	3.78571428571429	2	21.4375
CAPZB	41.1428571428571	38.1818181818182	78.6875
GOLGB1	20.8571428571429	70.6363636363636	85.5625
FBXO8	30	28.4545454545455	19.25
SLC30A9	54	0.636363636363636	73.4375
PRPF39	3.35714285714286	0	18.625
CRYZL1	18.6428571428571	79.2727272727273	13
DRG1	30.7142857142857	0	36.3125
CASP4	2.07142857142857	139.636363636364	0
RAD50	32.9285714285714	0	47.3125
MARCH7	18.1428571428571	117.727272727273	37.1875
ATP6V1H	6.28571428571429	0	55.375
SLMO2	105.857142857143	6.90909090909091	160.1875
BRP44	70.9285714285714	61.2727272727273	200.0625
SPATS2	2.78571428571429	119.818181818182	21.6875
DUSP12	17.8571428571429	0.181818181818182	21.5625
GTF3A	24.5	120.090909090909	23.875
HEXA	25.4285714285714	27.6363636363636	15.6875
RHOBTB3	94.1428571428571	18.6363636363636	13
ZNF761	1.57142857142857	0	9.375
PJA2	9	5.18181818181818	83.25
NARS	26.9285714285714	7.90909090909091	63.5
CRIP1	1.21428571428571	22.0909090909091	12.5
FAM127A	24.0714285714286	43.4545454545455	21.5625
PAPSS2	0	0	4.75
ARL4A	19.3571428571429	0	0.3125
GARS	24.8571428571429	0	37.8125
RBM4B	3.21428571428571	67.6363636363636	24.0625
AURKB	89.6428571428571	0	6.25
PDHA1	99.1428571428571	0	69.3125
SUV420H1	8.42857142857143	2.27272727272727	64.625
SMARCAL1	33.2142857142857	0	7.3125
RSPRY1	9.57142857142857	21.1818181818182	8.625
METAP2	12.2857142857143	114.545454545455	54.3125
PAM	40.0714285714286	2.45454545454545	0
WBP5	32.5714285714286	80.3636363636364	74
MAML1	20.2857142857143	12.7272727272727	2.3125
C9orf78	6.71428571428571	65.1818181818182	21.25
TIMM17A	77.5	110.181818181818	75.75
MFF	61.2857142857143	0	24.3125
DMTF1	4	4.45454545454545	51.6875
C4orf19	125.857142857143	0	24
CEP68	3.35714285714286	177.181818181818	16
SRP68	28.5	68.9090909090909	31.3125
TBC1D7	26.0714285714286	170.272727272727	4.5625
SLC35A5	17.8571428571429	38.8181818181818	54.5
AKIRIN1	28.4285714285714	0.454545454545455	16.75
PEPD	12.1428571428571	0	0
AQP1	0	92.6363636363636	19.25
CCDC90B	16.5	99.4545454545455	21
HSPB1	29.7857142857143	165.363636363636	37.8125
TPST2	1.78571428571429	0	0
HMGCL	59	77.8181818181818	44.125
TSPO	0	183.090909090909	26.625
CDC23	11	77.0909090909091	36.9375
AASS	50.7142857142857	63.9090909090909	43.125
PCDH12	0	58.8181818181818	0
KTN1	18.9285714285714	22.1818181818182	62
GNS	33	31.3636363636364	11.5625
PLEKHA5	12.4285714285714	33.0909090909091	9.5625
PA2G4	20.1428571428571	29.5454545454545	36.5
C17orf79	29.5714285714286	125.909090909091	15.0625
P4HA1	10.7142857142857	4.18181818181818	49.4375
C12orf47	17.1428571428571	127.818181818182	17
CMPK1	16.0714285714286	0	58.8125
EIF2B2	25.2142857142857	10.4545454545455	23.1875
TPP1	4.85714285714286	0.0909090909090909	7.6875
RIT1	13.6428571428571	109.545454545455	14.625
RBFOX2	8.92857142857143	51.9090909090909	50.6875
DNAJA2	68.5	31.0909090909091	65.0625
TUBB6	8.21428571428571	3.18181818181818	0
MRPL19	69.6428571428571	2.45454545454545	117.875
RAMP1	236.857142857143	0	43.625
MAP2K4	18.7142857142857	12.9090909090909	0
HKR1	2.64285714285714	11.4545454545455	26.9375
TSPAN15	8.5	2.54545454545455	17.1875
CALR	36	43.7272727272727	51
TMEM167A	42.5	23.6363636363636	23.375
PPIG	12.5714285714286	15.0909090909091	72.625
EGR1	42.7857142857143	2.54545454545455	66.9375
ALG6	0	2.45454545454545	46.4375
TMX2	40.7142857142857	37.3636363636364	31.4375
ZDHHC9	1.71428571428571	22.0909090909091	3.8125
GGPS1	60.8571428571429	16.6363636363636	21.625
NMD3	19.4285714285714	85.6363636363636	9.9375
ZFP36L2	86.9285714285714	141.636363636364	21.5
PHKG2	30.0714285714286	0	20
NDUFB5	78.5	110.636363636364	32.125
BANF1	65.4285714285714	88.1818181818182	124.0625
JUP	9.35714285714286	0.0909090909090909	5.0625
EVI5	10.5	0	13.125
ARFGAP3	6.5	0.363636363636364	26.0625
TRAP1	100.357142857143	12.9090909090909	7.1875
ANTXR2	4.5	0	1.1875
STAT3	0	94.6363636363636	0.875
ID4	22.7857142857143	0	25.875
ANKRD10	111.785714285714	56.9090909090909	107.5625
S100A6	3.42857142857143	138.363636363636	18.6875
ARMCX3	13.1428571428571	80.5454545454545	16.9375
NCALD	16.2857142857143	0	19.375
ZNF792	0	191.727272727273	0
MUL1	39.0714285714286	0	16.3125
RALB	29.6428571428571	19.0909090909091	19.5
TAX1BP1	53.6428571428571	25.6363636363636	30.625
ZRANB2	15.8571428571429	89.8181818181818	78
BRD8	12.8571428571429	0.0909090909090909	17.1875
SLIT2	0.214285714285714	0	5.5625
PSMD12	4.92857142857143	80.5454545454545	16.5625
UBL7	18.6428571428571	0	25.5
EPB41L5	54.6428571428571	0	114.5625
SLC25A11	21.5	35.6363636363636	45.3125
INSIG1	27.5	0	0
SEMA6A	3.71428571428571	96.9090909090909	55.6875
ADAMTS5	0	0	0
DDX47	37	40.7272727272727	51.3125
TTC19	36.2857142857143	1.36363636363636	47.875
ABI2	28.3571428571429	0	27.5625
RRM1	11.2857142857143	0.181818181818182	0
AZIN1	75.7857142857143	66.2727272727273	16.875
NDUFB4	95.4285714285714	61.5454545454545	124.5625
C6orf72	38.8571428571429	27.9090909090909	97.3125
BDP1	12.3571428571429	43	73.0625
VRK1	5	0	3.875
PAMR1	0	0	0
BTBD3	8.14285714285714	28.8181818181818	49.75
ALDH18A1	62.6428571428571	0	10.375
RNF24	0	0	9.0625
CTSA	63.5714285714286	33.3636363636364	28.5625
BRE	61	47.3636363636364	20.5625
C1QTNF7	0	0	0
PPIC	84.7142857142857	4.90909090909091	66.375
AUP1	29.0714285714286	37.1818181818182	77.0625
IDS	0.214285714285714	0	6.5
C11orf31	152.785714285714	118.909090909091	114.625
CFDP1	77.8571428571429	22.9090909090909	56.9375
ANK3	3	0	3.3125
UHRF2	0.714285714285714	118.727272727273	38.75
MPZL1	29.2857142857143	56.3636363636364	7.5625
TMEM219	37.5714285714286	93	65.875
CEP350	8.5	27.9090909090909	37.9375
LRPAP1	40.2142857142857	6.18181818181818	12
OAT	17.3571428571429	55.6363636363636	69
FAM217B	3.07142857142857	94.4545454545455	9.625
KIF2A	14	0	1.0625
METAP1	8.21428571428571	0	69.375
TP53INP1	18.9285714285714	107	24.25
ZNF211	0	0	8.125
RAB3B	2.92857142857143	0	0.0625
FNDC3A	16.5	79.3636363636364	88.0625
DPH5	55.1428571428571	110.272727272727	51.375
CAPN6	29.2857142857143	0	39.5625
KPNA1	71.8571428571429	33.1818181818182	7
PSMC6	64.8571428571429	63.0909090909091	37.875
ASCC2	6.28571428571429	23.8181818181818	7.125
HIST1H2BK	42.2142857142857	0	33.875
ELMO2	0	0	8.9375
CD9	0	32.1818181818182	0
C20orf111	12.6428571428571	0	65.8125
MOCS2	56.5	55.8181818181818	1.4375
GIMAP7	0	36.4545454545455	0.125
RHEB	12.8571428571429	31	17.625
MDM4	29.5714285714286	127.636363636364	68.375
IVNS1ABP	2.78571428571429	14.1818181818182	23.3125
SPG21	17.0714285714286	17	16.75
TADA1	19.0714285714286	18.5454545454545	54.5625
EXOSC8	34.3571428571429	95.0909090909091	70.1875
C9orf5	22.2857142857143	71.0909090909091	32.125
PTP4A1	52	0	63.3125
NDUFA10	42.7142857142857	21.4545454545455	101.875
NOTCH4	2.92857142857143	126.727272727273	24.3125
GTF2A2	59.7857142857143	45.8181818181818	75.8125
SPTLC2	4.78571428571429	18.4545454545455	12.6875
CADM1	9.71428571428571	1.63636363636364	99.0625
IGFBP2	2.71428571428571	13.2727272727273	1
CCBL2	23.5714285714286	46.2727272727273	20.9375
ARHGAP18	36.6428571428571	114.454545454545	44.1875
SPRY1	0.928571428571429	8.54545454545454	5
GPC6	11.3571428571429	0	2.6875
CCDC88A	7.42857142857143	179.090909090909	47.9375
NASP	1.64285714285714	6.81818181818182	74.0625
HELZ	4.14285714285714	128.181818181818	34.125
TOR1AIP1	0	3.72727272727273	28.125
NFIA	13.3571428571429	0.636363636363636	27.5625
ARL8B	30.9285714285714	0	9.4375
TGIF1	30.9285714285714	0	50
SKAP2	9.78571428571429	56.7272727272727	0.0625
ACVRL1	0	127.636363636364	0.0625
DYNLRB1	39.4285714285714	261.181818181818	38.125
FAT4	0	137	3.75
EIF1AY	19	134.818181818182	48.375
DOCK1	20.3571428571429	69.6363636363636	51.4375
TGOLN2	64.2857142857143	59.8181818181818	86.5625
LYPD6B	26.6428571428571	0	223.125
RGS3	4.21428571428571	160.727272727273	0
CCND3	0	116	15.1875
SQRDL	1.92857142857143	0.0909090909090909	127.375
PIK3CA	0.0714285714285714	0	0
BLVRB	29.1428571428571	0	35.5
U2SURP	49.3571428571429	137.909090909091	68.0625
UFSP2	33.5	20.7272727272727	54.75
FAM210B	34.2142857142857	49.3636363636364	11.375
EXOSC10	66.2857142857143	0	3.9375
HOOK3	1.85714285714286	76.9090909090909	28.875
MCM6	8.92857142857143	14.0909090909091	28.8125
GSTK1	38.0714285714286	127.909090909091	108.4375
DAPK1	46.7142857142857	0	58.4375
IDH3B	29.4285714285714	3	1.0625
FBLN1	4.42857142857143	23.7272727272727	1.3125
OLA1	24.9285714285714	127.181818181818	64.1875
ENAH	36.3571428571429	20.7272727272727	63.6875
C14orf129	3.57142857142857	81.0909090909091	4.3125
NDUFAF3	111.642857142857	160.454545454545	47.875
MFAP1	16.3571428571429	31.1818181818182	103.125
LARS	26	41.7272727272727	23.125
SRR	0	42.0909090909091	1.5625
C10orf10	0	103.818181818182	12
CMTM3	22.9285714285714	8.45454545454546	12.375
ZNF300P1	0.142857142857143	0	21.375
PSMD8	48.5	55.3636363636364	56
FAM120AOS	45.6428571428571	0	27.1875
MGAT1	2	36.2727272727273	11.4375
VEZT	34.3571428571429	11.0909090909091	31.5625
EFHC1	20.5714285714286	0	56.0625
ANKRD12	63	116.636363636364	44
PELI1	8.92857142857143	72.3636363636364	6.8125
NT5C3	4.78571428571429	51.8181818181818	78.8125
TRIB2	0	58.8181818181818	9.6875
PLIN2	88.5	86.6363636363636	9.6875
WDR11	0.0714285714285714	0	22.6875
UROD	60	89.9090909090909	39.875
TGM2	8.07142857142857	16.6363636363636	2.6875
GOLT1B	28.4285714285714	0	16.1875
SYVN1	52.3571428571429	215.545454545455	35.4375
TM2D2	13.3571428571429	65.2727272727273	18.875
MSH2	41	161.363636363636	50.3125
ICA1	33.2142857142857	10.7272727272727	4.5625
MSRB3	0	42	0
MKRN2	5.5	117.090909090909	12.5625
ADAMTSL3	0	0.0909090909090909	0
ANAPC7	38.7857142857143	36	27
PPP1CC	4.21428571428571	53.6363636363636	0.4375
RAE1	66.7142857142857	36.4545454545455	42.25
MAGEH1	20.9285714285714	39.9090909090909	42.3125
RANBP1	75.5714285714286	62.8181818181818	73.9375
ZNF644	0.285714285714286	20.7272727272727	45.125
C19orf48	24.7142857142857	20.6363636363636	21.4375
BUD31	59	70.1818181818182	54.3125
LPP	28.5	49.0909090909091	44.9375
PHF20	2.92857142857143	0	11.0625
RBBP6	9.21428571428571	0.0909090909090909	40.5
MLEC	43.5714285714286	30.5454545454545	39.5
NT5DC2	20.7857142857143	68.6363636363636	19.3125
PNN	34	14	71.9375
FASTKD2	52	80.8181818181818	0
DHX15	45.7142857142857	0.545454545454545	62.9375
RPA1	13.5714285714286	0	0.125
MRPL48	16.5	67	68.6875
C4orf34	53.7857142857143	0	65.5625
DDX24	27.7142857142857	62.0909090909091	23
SRSF4	16	148.272727272727	0.875
SSU72	91	88.8181818181818	35.5625
SMC2	6.42857142857143	0	25
BID	1.5	49.6363636363636	37.9375
SSH1	0.5	24.6363636363636	2.6875
RBM45	0.142857142857143	0	18.375
PARP6	11.9285714285714	0	4
SYF2	60.7142857142857	37.7272727272727	50.875
JAGN1	14.4285714285714	0	61.9375
PTPRF	6.71428571428571	0	29.875
NDUFA12	82.5714285714286	170.727272727273	141.1875
PRPF8	27.1428571428571	37.4545454545455	43
LMBRD1	109.714285714286	140.090909090909	57.8125
DDX19A	12.6428571428571	69.0909090909091	10.25
MICU1	81.8571428571429	49.9090909090909	26.125
SAE1	22.2142857142857	51	21.625
GPS1	31.7857142857143	0	0
TBC1D19	29.0714285714286	61.1818181818182	36.625
C1GALT1	34.2857142857143	49.8181818181818	33.875
MAD2L1	106.928571428571	0	11.6875
TOP2B	13.2857142857143	63.8181818181818	19.875
TCTN1	33.2142857142857	0	43.8125
CTPS2	2	0	47.8125
MAP4K4	2	19	19.625
RNF34	16.6428571428571	43.8181818181818	49.25
MRPL14	29.2142857142857	51.9090909090909	94.4375
COX5B	102.857142857143	87.9090909090909	178.3125
CCP110	6.35714285714286	8	5.6875
PRPF38A	28.5	90	0
TMEM123	70.2857142857143	24.5454545454545	44.4375
METTL17	96.2857142857143	59.2727272727273	55.375
WDR1	13.7142857142857	29.7272727272727	20.8125
STARD3NL	33.8571428571429	37.6363636363636	57.0625
H2AFY	32.5714285714286	0	78.5625
OST4	176.428571428571	179.272727272727	130.5625
TRAPPC4	55.0714285714286	79.0909090909091	26
INSIG2	32.6428571428571	0	26.25
TRMT112	104	148.090909090909	59.375
ZNF415	1.57142857142857	0.454545454545455	12.0625
COQ9	15.8571428571429	0	87.4375
BGN	0	0	1.4375
HYDIN	5.85714285714286	0	40.75
SUPV3L1	66.7142857142857	0	17.5625
TOR1A	32.7142857142857	114.909090909091	17.0625
SUPT16H	69.9285714285714	0	56.5625
NR3C1	0	7.72727272727273	1.3125
CHN1	0	19.6363636363636	0
EIF2B4	4.14285714285714	0	83.1875
MIEN1	39.4285714285714	100.909090909091	38.875
RASL12	0	0	0
GPX1	57.3571428571429	151.818181818182	102.6875
DNAJC13	16.6428571428571	18.5454545454545	18.875
HN1	19.6428571428571	33.8181818181818	3.25
